0.000000000000000000e+00 -0.000000000000000000e+00 -0.000000000000000000e+00 -0.000000000000000000e+00 -0.000000000000000000e+00 -0.000000000000000000e+00 1.000000000000000000e+00 -0.000000000000000000e+00
2.071056000000000008e-01 3.905198536813259125e-04 -2.385287778452038765e-03 1.351523697376251221e-01 1.116837956942617893e-03 6.897265557199716568e-04 9.999954700469970703e-01 2.730641979724168777e-03
4.136209000000000136e-01 1.077856402844190598e-03 -4.714305046945810318e-03 2.701231539249420166e-01 7.831716793589293957e-04 2.688381820917129517e-03 9.999935626983642578e-01 -2.264100825414061546e-03
6.203887000000000151e-01 1.844454556703567505e-03 -6.428848952054977417e-03 4.032340943813323975e-01 -4.465168167371302843e-04 5.758772604167461395e-03 9.999830126762390137e-01 -8.125047315843403339e-04
8.272106999999999655e-01 1.655839500017464161e-03 -8.474489673972129822e-03 5.348672270774841309e-01 -1.218894845806062222e-03 5.855084862560033798e-03 9.999814033508300781e-01 1.203849446028470993e-03
1.034070000000000045e+00 1.163678127340972424e-03 -1.070747058838605881e-02 6.659861207008361816e-01 -2.043276559561491013e-03 5.489683710038661957e-03 9.999821186065673828e-01 -1.219603815115988255e-03
1.244258000000000086e+00 8.520217961631715298e-04 -1.233752444386482239e-02 7.959305644035339355e-01 -2.826575422659516335e-03 6.239615380764007568e-03 9.999738931655883789e-01 -2.322602085769176483e-03
1.447567999999999966e+00 2.566197072155773640e-04 -1.387324463576078415e-02 9.250609874725341797e-01 -3.630665829405188560e-03 6.498543079942464828e-03 9.999711513519287109e-01 -1.550189801491796970e-03
1.654520999999999908e+00 -6.342731649056077003e-04 -1.547074969857931137e-02 1.052845716476440430e+00 -5.135531071573495865e-03 7.357472553849220276e-03 9.999598264694213867e-01 1.535215560579672456e-04
1.861353000000000035e+00 -2.410321729257702827e-03 -1.759801618754863739e-02 1.180067896842956543e+00 -6.643100176006555557e-03 6.449618842452764511e-03 9.999567270278930664e-01 9.415515814907848835e-04
2.068236000000000185e+00 -4.535521846264600754e-03 -1.963121630251407623e-02 1.306543946266174316e+00 -8.189919404685497284e-03 5.903316196054220200e-03 9.999488592147827148e-01 5.653940606862306595e-04
2.275131000000000014e+00 -6.746267434209585190e-03 -2.181030809879302979e-02 1.431998133659362793e+00 -9.643649682402610779e-03 5.542197730392217636e-03 9.999380707740783691e-01 -4.130158631596714258e-04
2.482009999999999827e+00 -9.352795779705047607e-03 -2.363316901028156281e-02 1.555708289146423340e+00 -1.121479924768209457e-02 6.119417026638984680e-03 9.999184608459472656e-01 -3.780880797421559691e-05
2.689023000000000163e+00 -1.228862721472978592e-02 -2.547013759613037109e-02 1.677969217300415039e+00 -1.229230128228664398e-02 6.012785714119672775e-03 9.999057054519653320e-01 -1.219410100020468235e-03
2.896138999999999797e+00 -1.544185541570186615e-02 -2.724719420075416565e-02 1.797961711883544922e+00 -1.292016822844743729e-02 6.478247698396444321e-03 9.998897910118103027e-01 -3.395241452381014824e-03
3.103544999999999998e+00 -1.880192942917346954e-02 -2.883450128138065338e-02 1.914298415184020996e+00 -1.369324140250682831e-02 5.375478882342576981e-03 9.998906850814819336e-01 -1.504825660958886147e-03
3.310077999999999854e+00 -2.229392901062965393e-02 -3.042439743876457214e-02 2.027947187423706055e+00 -1.455054804682731628e-02 4.691447131335735321e-03 9.998830556869506836e-01 -4.285152244847267866e-04
3.517075999999999869e+00 -2.580756321549415588e-02 -3.256200626492500305e-02 2.139284372329711914e+00 -1.614867337048053741e-02 4.622892010957002640e-03 9.998589754104614258e-01 2.234504645457491279e-04
3.724673999999999818e+00 -2.979031577706336975e-02 -3.418632969260215759e-02 2.247620582580566406e+00 -1.811154559254646301e-02 4.491331987082958221e-03 9.998258352279663086e-01 -2.675926079973578453e-04
3.931240999999999985e+00 -3.410077840089797974e-02 -3.593019396066665649e-02 2.353690147399902344e+00 -2.007353864610195160e-02 4.162630531936883926e-03 9.997873902320861816e-01 -2.237204695120453835e-03
4.142151000000000138e+00 -3.910807892680168152e-02 -3.739097714424133301e-02 2.456649780273437500e+00 -2.193032950162887573e-02 2.229975303635001183e-03 9.997552037239074707e-01 -1.921030692756175995e-03
4.345965999999999774e+00 -4.422284290194511414e-02 -3.866024687886238098e-02 2.556895256042480469e+00 -2.356264553964138031e-02 1.290995278395712376e-03 9.997192621231079102e-01 -2.135504735633730888e-03
4.552519000000000204e+00 -4.951366782188415527e-02 -3.995365649461746216e-02 2.654669046401977539e+00 -2.411741018295288086e-02 -7.405179203487932682e-04 9.997034072875976562e-01 -3.305766964331269264e-03
4.760815000000000019e+00 -5.445188283920288086e-02 -4.133898019790649414e-02 2.748732566833496094e+00 -2.268284559249877930e-02 -3.216768149286508560e-03 9.997373223304748535e-01 -6.689316360279917717e-04
4.966823999999999906e+00 -5.828639492392539978e-02 -4.226618632674217224e-02 2.840713500976562500e+00 -2.001746371388435364e-02 -4.004918504506349564e-03 9.997916817665100098e-01 -6.019515421940013766e-05
5.174267999999999645e+00 -6.241187080740928650e-02 -4.395918548107147217e-02 2.930182933807373047e+00 -1.640775240957736969e-02 -8.389212191104888916e-03 9.998250007629394531e-01 -3.231697948649525642e-03
5.381141999999999648e+00 -6.535139679908752441e-02 -4.494904354214668274e-02 3.015129327774047852e+00 -1.151547767221927643e-02 -1.269351504743099213e-02 9.998457431793212891e-01 -3.840016201138496399e-03
5.588095000000000034e+00 -6.719796359539031982e-02 -4.574346169829368591e-02 3.095208644866943359e+00 -5.253993906080722809e-03 -1.692736148834228516e-02 9.998276829719543457e-01 -5.525996908545494080e-03
5.795223000000000013e+00 -6.780724227428436279e-02 -4.669709131121635437e-02 3.169680356979370117e+00 2.059458987787365913e-03 -2.015739493072032928e-02 9.997794628143310547e-01 -5.524705164134502411e-03
6.002373000000000403e+00 -6.697668135166168213e-02 -4.741410166025161743e-02 3.237106323242187500e+00 9.627310559153556824e-03 -2.442998997867107391e-02 9.996467828750610352e-01 -4.107239656150341034e-03
6.209506000000000192e+00 -6.498318910598754883e-02 -4.825794324278831482e-02 3.298721075057983398e+00 1.766300946474075317e-02 -2.550112456083297729e-02 9.995152950286865234e-01 -2.644669730216264725e-03
6.416515999999999664e+00 -6.179236993193626404e-02 -4.918141663074493408e-02 3.353442192077636719e+00 2.559103257954120636e-02 -2.591938711702823639e-02 9.993284940719604492e-01 -3.978075459599494934e-03
6.623721999999999888e+00 -5.897231400012969971e-02 -4.988507926464080811e-02 3.401781558990478516e+00 3.447394445538520813e-02 -2.975128218531608582e-02 9.989541769027709961e-01 -4.134667105972766876e-03
6.830809000000000353e+00 -5.518363416194915771e-02 -5.078261345624923706e-02 3.443279743194580078e+00 4.366668686270713806e-02 -3.126868978142738342e-02 9.985451698303222656e-01 -4.809078294783830643e-03
7.038066999999999851e+00 -4.975920543074607849e-02 -5.162742733955383301e-02 3.481121540069580078e+00 5.505844205617904663e-02 -2.975878864526748657e-02 9.980376362800598145e-01 -1.983259106054902077e-03
7.245330000000000048e+00 -4.355179518461227417e-02 -5.250421166419982910e-02 3.518088102340698242e+00 6.959056854248046875e-02 -3.074489347636699677e-02 9.971016049385070801e-01 5.917908274568617344e-04
7.452592000000000105e+00 -3.670787811279296875e-02 -5.335762724280357361e-02 3.554543256759643555e+00 8.647677302360534668e-02 -3.152094408869743347e-02 9.957543015480041504e-01 1.262624165974557400e-03
7.663357000000000419e+00 -2.719420567154884338e-02 -5.451330915093421936e-02 3.589203119277954102e+00 1.054243892431259155e-01 -3.031251393258571625e-02 9.939641952514648438e-01 1.431220443919301033e-03
7.866988000000000092e+00 -1.679605059325695038e-02 -5.531377717852592468e-02 3.623746633529663086e+00 1.265515983104705811e-01 -3.107720986008644104e-02 9.914700984954833984e-01 2.463285578414797783e-03
8.074249999999999261e+00 -4.163511097431182861e-03 -5.651657283306121826e-02 3.658288955688476562e+00 1.509030312299728394e-01 -3.192947804927825928e-02 9.880277514457702637e-01 3.151445882394909859e-03
8.283920999999999424e+00 1.079882681369781494e-02 -5.819767713546752930e-02 3.692878007888793945e+00 1.785891950130462646e-01 -3.412840887904167175e-02 9.833279252052307129e-01 2.724356949329376221e-03
8.488778999999999186e+00 2.927567809820175171e-02 -6.012317538261413574e-02 3.726610422134399414e+00 2.096250057220458984e-01 -3.307484090328216553e-02 9.772162437438964844e-01 3.453176701441407204e-03
8.696028999999999343e+00 5.158397555351257324e-02 -6.190519034862518311e-02 3.759127616882324219e+00 2.455335855484008789e-01 -3.022406622767448425e-02 9.688959717750549316e-01 6.360949017107486725e-03
8.903911000000000797e+00 7.735124230384826660e-02 -6.369634717702865601e-02 3.792034626007080078e+00 2.846398949623107910e-01 -3.074060752987861633e-02 9.580912590026855469e-01 9.812421165406703949e-03
9.110580000000000567e+00 1.079722046852111816e-01 -6.598915904760360718e-02 3.825838565826416016e+00 3.269596099853515625e-01 -3.342689946293830872e-02 9.443852901458740234e-01 1.079682167619466782e-02
9.317831999999999226e+00 1.446843147277832031e-01 -6.886216253042221069e-02 3.860030651092529297e+00 3.718588352203369141e-01 -3.578882291913032532e-02 9.275349974632263184e-01 1.090936735272407532e-02
9.525112000000000023e+00 1.893389821052551270e-01 -7.209531962871551514e-02 3.893271923065185547e+00 4.200099706649780273e-01 -3.318148106336593628e-02 9.068419933319091797e-01 1.132418215274810791e-02
9.732383999999999702e+00 2.416507005691528320e-01 -7.549163699150085449e-02 3.924811840057373047e+00 4.699318408966064453e-01 -3.169418126344680786e-02 8.820403218269348145e-01 1.282266899943351746e-02
9.939685000000000770e+00 3.020569086074829102e-01 -7.960101962089538574e-02 3.952953100204467773e+00 5.191585421562194824e-01 -2.988668717443943024e-02 8.540629148483276367e-01 1.256412547081708908e-02
1.014677000000000007e+01 3.689705133438110352e-01 -8.354363590478897095e-02 3.976923227310180664e+00 5.653166174888610840e-01 -3.069614246487617493e-02 8.242512345314025879e-01 9.211125783622264862e-03
1.035366999999999926e+01 4.419779777526855469e-01 -8.802957087755203247e-02 3.993410587310791016e+00 6.067407131195068359e-01 -2.642514370381832123e-02 7.943568825721740723e-01 1.282833982259035110e-02
1.056298999999999921e+01 5.207555294036865234e-01 -9.264667332172393799e-02 4.002289772033691406e+00 6.415395736694335938e-01 -1.768654212355613708e-02 7.666687965393066406e-01 1.825381442904472351e-02
1.076704999999999934e+01 6.037406921386718750e-01 -9.735150635242462158e-02 4.008078098297119141e+00 6.687825322151184082e-01 -1.479028537869453430e-02 7.429559230804443359e-01 2.297138608992099762e-02
1.097342000000000084e+01 6.918048858642578125e-01 -1.028776019811630249e-01 4.009788036346435547e+00 6.887737512588500977e-01 -8.987137116491794586e-03 7.244423627853393555e-01 2.633163519203662872e-02
1.118018999999999963e+01 7.839980125427246094e-01 -1.074689179658889771e-01 4.009215831756591797e+00 7.016473412513732910e-01 -6.885531358420848846e-03 7.119078040122985840e-01 2.882449328899383545e-02
1.138589999999999947e+01 8.802075386047363281e-01 -1.133906766772270203e-01 4.007522106170654297e+00 7.105555534362792969e-01 -6.665640044957399368e-03 7.030076384544372559e-01 2.909754402935504913e-02
1.159254999999999924e+01 9.800696372985839844e-01 -1.188963875174522400e-01 4.003167629241943359e+00 7.159747481346130371e-01 -5.303590092808008194e-03 6.972870826721191406e-01 3.380490466952323914e-02
1.179949000000000048e+01 1.084124326705932617e+00 -1.247887015342712402e-01 3.999544858932495117e+00 7.188809514045715332e-01 -4.776268731802701950e-03 6.943894624710083008e-01 3.179055824875831604e-02
1.200482000000000049e+01 1.192834854125976562e+00 -1.305530965328216553e-01 3.995220661163330078e+00 7.202077507972717285e-01 -5.573873058892786503e-04 6.932280659675598145e-01 2.711929380893707275e-02
1.221119000000000021e+01 1.303781986236572266e+00 -1.363517045974731445e-01 3.989823341369628906e+00 7.202550172805786133e-01 1.671367092058062553e-03 6.930974125862121582e-01 2.908516116440296173e-02
1.241765000000000008e+01 1.416751623153686523e+00 -1.418861001729965210e-01 3.985261917114257812e+00 7.191937565803527832e-01 -3.294723341241478920e-03 6.939158439636230469e-01 3.507750853896141052e-02
1.262454999999999927e+01 1.534427404403686523e+00 -1.481902003288269043e-01 3.981335163116455078e+00 7.177270054817199707e-01 -1.970072742551565170e-03 6.954962611198425293e-01 3.389768302440643311e-02
1.283073000000000086e+01 1.653257846832275391e+00 -1.555810421705245972e-01 3.978557348251342773e+00 7.159068584442138672e-01 1.283429592149332166e-04 6.975404024124145508e-01 3.024521656334400177e-02
1.303771000000000058e+01 1.770626783370971680e+00 -1.623684763908386230e-01 3.974795103073120117e+00 7.135401964187622070e-01 -4.629588220268487930e-04 6.996067762374877930e-01 3.755684569478034973e-02
1.324421000000000070e+01 1.889430761337280273e+00 -1.692395210266113281e-01 3.974573612213134766e+00 7.115606069564819336e-01 -3.156193764880299568e-03 7.018455862998962402e-01 3.293021395802497864e-02
1.345276999999999923e+01 2.009033918380737305e+00 -1.771815866231918335e-01 3.972600936889648438e+00 7.086675167083740234e-01 8.833285537548363209e-04 7.046611309051513672e-01 3.524783626198768616e-02
1.365795999999999921e+01 2.128365993499755859e+00 -1.843703389167785645e-01 3.973133802413940430e+00 7.063837051391601562e-01 -2.422438701614737511e-03 7.069161534309387207e-01 3.585869446396827698e-02
1.386467000000000027e+01 2.248566389083862305e+00 -1.921225786209106445e-01 3.973501920700073242e+00 7.037866711616516113e-01 4.044787056045606732e-05 7.095043063163757324e-01 3.588946163654327393e-02
1.407164000000000037e+01 2.368264198303222656e+00 -1.998061090707778931e-01 3.973905801773071289e+00 7.012253403663635254e-01 2.068281872197985649e-03 7.118600606918334961e-01 3.916756436228752136e-02
1.427860000000000085e+01 2.489016056060791016e+00 -2.073588967323303223e-01 3.976094245910644531e+00 6.990330815315246582e-01 3.252524649724364281e-03 7.139946222305297852e-01 3.942035511136054993e-02
1.448550000000000004e+01 2.609648227691650391e+00 -2.150513380765914917e-01 3.978976249694824219e+00 6.966625452041625977e-01 3.616169095039367676e-03 7.163050174713134766e-01 3.943769633769989014e-02
1.469244999999999912e+01 2.730921745300292969e+00 -2.226808220148086548e-01 3.983146905899047852e+00 6.945884227752685547e-01 2.611407078802585602e-03 7.183008790016174316e-01 3.979872539639472961e-02
1.489949000000000012e+01 2.852768421173095703e+00 -2.304123789072036743e-01 3.988130807876586914e+00 6.927955150604248047e-01 1.272542052902281284e-03 7.201038599014282227e-01 3.851308301091194153e-02
1.510640000000000072e+01 2.975454330444335938e+00 -2.383936941623687744e-01 3.993897438049316406e+00 6.905909776687622070e-01 -9.628555853851139545e-04 7.222581505775451660e-01 3.776745870709419250e-02
1.531335999999999942e+01 3.099025487899780273e+00 -2.469993233680725098e-01 4.000036716461181641e+00 6.881229877471923828e-01 -3.155883867293596268e-03 7.245039939880371094e-01 3.963363915681838989e-02
1.552022000000000013e+01 3.223910808563232422e+00 -2.557518780231475830e-01 4.008392333984375000e+00 6.861078739166259766e-01 -7.015993818640708923e-03 7.265406250953674316e-01 3.668205440044403076e-02
1.572719999999999985e+01 3.349986314773559570e+00 -2.653536796569824219e-01 4.016354560852050781e+00 6.833884716033935547e-01 -7.148689590394496918e-03 7.290356755256652832e-01 3.789649903774261475e-02
1.593425000000000047e+01 3.477815628051757812e+00 -2.745479941368103027e-01 4.026245117187500000e+00 6.805225610733032227e-01 -8.440173231065273285e-03 7.318016886711120605e-01 3.583552688360214233e-02
1.614091000000000165e+01 3.606256961822509766e+00 -2.846965789794921875e-01 4.036948204040527344e+00 6.768854856491088867e-01 -1.056796777993440628e-02 7.351233363151550293e-01 3.616673499345779419e-02
1.634827999999999903e+01 3.734958648681640625e+00 -2.951740920543670654e-01 4.049603462219238281e+00 6.718087196350097656e-01 -1.620258390903472900e-02 7.394546866416931152e-01 4.021553322672843933e-02
1.655444999999999922e+01 3.865231752395629883e+00 -3.071718215942382812e-01 4.064939022064208984e+00 6.663826107978820801e-01 -1.921790279448032379e-02 7.443996667861938477e-01 3.786866366863250732e-02
1.676139999999999830e+01 3.996319770812988281e+00 -3.189730048179626465e-01 4.081350803375244141e+00 6.608060598373413086e-01 -1.760133169591426849e-02 7.494854331016540527e-01 3.601695969700813293e-02
1.696808000000000050e+01 4.127827167510986328e+00 -3.297784626483917236e-01 4.100464820861816406e+00 6.553478837013244629e-01 -1.477099023759365082e-02 7.546001672744750977e-01 2.965865470468997955e-02
1.717558000000000007e+01 4.257374763488769531e+00 -3.404583930969238281e-01 4.120579719543457031e+00 6.497201323509216309e-01 -1.449346821755170822e-02 7.594642043113708496e-01 2.945935353636741638e-02
1.738334000000000046e+01 4.384078025817871094e+00 -3.506817519664764404e-01 4.142124176025390625e+00 6.454543471336364746e-01 -1.813686266541481018e-02 7.628593444824218750e-01 3.324901685118675232e-02
1.758887000000000000e+01 4.508637428283691406e+00 -3.620562255382537842e-01 4.164917469024658203e+00 6.414271593093872070e-01 -2.021250873804092407e-02 7.662125229835510254e-01 3.287832066416740417e-02
1.779578000000000060e+01 4.631737709045410156e+00 -3.725629150867462158e-01 4.187525272369384766e+00 6.377212405204772949e-01 -1.550564449280500412e-02 7.694811820983886719e-01 3.114343248307704926e-02
1.800309000000000026e+01 4.752191543579101562e+00 -3.825430870056152344e-01 4.212057590484619141e+00 6.352825164794921875e-01 -1.416066847741603851e-02 7.717361450195312500e-01 2.527653798460960388e-02
1.820979000000000170e+01 4.869204044342041016e+00 -3.914053440093994141e-01 4.236015796661376953e+00 6.330631375312805176e-01 -1.599214039742946625e-02 7.735356092453002930e-01 2.485936135053634644e-02
1.841719000000000150e+01 4.982666015625000000e+00 -4.006420373916625977e-01 4.260479450225830078e+00 6.316388249397277832e-01 -2.039913833141326904e-02 7.745547294616699219e-01 2.610131166875362396e-02
1.862396999999999991e+01 5.093329429626464844e+00 -4.099352359771728516e-01 4.284064769744873047e+00 6.301372051239013672e-01 -2.276110276579856873e-02 7.756020426750183105e-01 2.916442975401878357e-02
1.883095000000000141e+01 5.201553344726562500e+00 -4.195711016654968262e-01 4.307606697082519531e+00 6.293827295303344727e-01 -2.251874096691608429e-02 7.763004302978515625e-01 2.698086947202682495e-02
1.903802999999999912e+01 5.307227134704589844e+00 -4.286785721778869629e-01 4.330028057098388672e+00 6.292467117309570312e-01 -2.100926265120506287e-02 7.764914631843566895e-01 2.585195563733577728e-02
1.924549999999999983e+01 5.409785747528076172e+00 -4.374637603759765625e-01 4.351801395416259766e+00 6.304631233215332031e-01 -2.160148508846759796e-02 7.755088210105895996e-01 2.521240152418613434e-02
1.945211000000000112e+01 5.508623123168945312e+00 -4.463532567024230957e-01 4.372142314910888672e+00 6.322023868560791016e-01 -2.350078709423542023e-02 7.739362716674804688e-01 2.811775729060173035e-02
1.966007000000000104e+01 5.605494499206542969e+00 -4.544712007045745850e-01 4.391295433044433594e+00 6.337985396385192871e-01 -2.293807081878185272e-02 7.726368308067321777e-01 2.838331088423728943e-02
1.986698000000000164e+01 5.699886322021484375e+00 -4.629554748535156250e-01 4.409850120544433594e+00 6.357346177101135254e-01 -2.070264331996440887e-02 7.712062001228332520e-01 2.557398378849029541e-02
2.007335000000000136e+01 5.790810585021972656e+00 -4.707435667514801025e-01 4.426275253295898438e+00 6.372278928756713867e-01 -1.857386715710163116e-02 7.699218392372131348e-01 2.856780029833316803e-02
2.028031000000000006e+01 5.879438877105712891e+00 -4.779451489448547363e-01 4.442229747772216797e+00 6.388841867446899414e-01 -1.871159672737121582e-02 7.684336304664611816e-01 3.141231834888458252e-02
2.048763999999999896e+01 5.968405723571777344e+00 -4.857466220855712891e-01 4.458350181579589844e+00 6.399073600769042969e-01 -1.856260746717453003e-02 7.675487995147705078e-01 3.229496628046035767e-02
2.069425000000000026e+01 6.058116912841796875e+00 -4.929640293121337891e-01 4.473049640655517578e+00 6.387990117073059082e-01 -1.390689611434936523e-02 7.684360146522521973e-01 3.533415123820304871e-02
2.090208000000000155e+01 6.148134231567382812e+00 -5.007483959197998047e-01 4.490427494049072266e+00 6.367793083190917969e-01 -1.347151119261980057e-02 7.701266407966613770e-01 3.515141457319259644e-02
2.110820000000000007e+01 6.239491462707519531e+00 -5.083798170089721680e-01 4.509184360504150391e+00 6.320878863334655762e-01 -1.320226676762104034e-02 7.739845514297485352e-01 3.519390895962715149e-02
2.131609999999999872e+01 6.332699298858642578e+00 -5.156708359718322754e-01 4.530105113983154297e+00 6.257082819938659668e-01 -1.294827368110418320e-02 7.791963815689086914e-01 3.427100554108619690e-02
2.152429000000000059e+01 6.427599906921386719e+00 -5.235320329666137695e-01 4.553841114044189453e+00 6.181882619857788086e-01 -1.414919830858707428e-02 7.852268218994140625e-01 3.258818760514259338e-02
2.173032999999999859e+01 6.524278640747070312e+00 -5.310649275779724121e-01 4.580793380737304688e+00 6.103481650352478027e-01 -1.881029270589351654e-02 7.912669181823730469e-01 3.190690279006958008e-02
2.193617000000000061e+01 6.623494148254394531e+00 -5.397164821624755859e-01 4.610179424285888672e+00 6.015601754188537598e-01 -2.173534408211708069e-02 7.978923320770263672e-01 3.195066377520561218e-02
2.214191999999999894e+01 6.725906372070312500e+00 -5.485479235649108887e-01 4.642836093902587891e+00 5.930667519569396973e-01 -2.315195836126804352e-02 8.042138218879699707e-01 3.124237805604934692e-02
2.234879000000000104e+01 6.831819534301757812e+00 -5.573449134826660156e-01 4.678917884826660156e+00 5.842230319976806641e-01 -2.294433303177356720e-02 8.107718229293823242e-01 2.839363366365432739e-02
2.255568999999999846e+01 6.941455364227294922e+00 -5.663747191429138184e-01 4.717852592468261719e+00 5.750437974929809570e-01 -1.768420450389385223e-02 8.175131082534790039e-01 2.615905180573463440e-02
2.276248999999999967e+01 7.054071426391601562e+00 -5.744090080261230469e-01 4.760516643524169922e+00 5.664167404174804688e-01 -1.417774148285388947e-02 8.235701322555541992e-01 2.652137167751789093e-02
2.296952999999999889e+01 7.171276092529296875e+00 -5.817578434944152832e-01 4.805505752563476562e+00 5.595980286598205566e-01 -4.757176619023084641e-03 8.282943367958068848e-01 2.749451622366905212e-02
2.317661000000000016e+01 7.289072036743164062e+00 -5.899093151092529297e-01 4.853623867034912109e+00 5.531548857688903809e-01 -1.291335094720125198e-03 8.325654864311218262e-01 2.920155785977840424e-02
2.338466999999999985e+01 7.406540393829345703e+00 -5.979543924331665039e-01 4.903827667236328125e+00 5.464395880699157715e-01 -2.699084114283323288e-03 8.366693854331970215e-01 3.716040030121803284e-02
2.359065000000000012e+01 7.522994995117187500e+00 -6.078198552131652832e-01 4.957332611083984375e+00 5.419098138809204102e-01 -6.432271096855401993e-03 8.396824002265930176e-01 3.501290082931518555e-02
2.379821000000000097e+01 7.636321544647216797e+00 -6.182397007942199707e-01 5.010923385620117188e+00 5.381512641906738281e-01 -1.065563131123781204e-02 8.420566916465759277e-01 3.493228927254676819e-02
2.400458000000000069e+01 7.746749877929687500e+00 -6.288864612579345703e-01 5.064144134521484375e+00 5.345911383628845215e-01 -1.460643392056226730e-02 8.442386388778686523e-01 3.549851849675178528e-02
2.421321000000000012e+01 7.855298042297363281e+00 -6.395677328109741211e-01 5.116608142852783203e+00 5.308617949485778809e-01 -1.325888466089963913e-02 8.466956019401550293e-01 3.341482579708099365e-02
2.442210000000000036e+01 7.960350990295410156e+00 -6.497821807861328125e-01 5.168705940246582031e+00 5.275542140007019043e-01 -1.254181936383247375e-02 8.488548398017883301e-01 3.122106753289699554e-02
2.462530999999999892e+01 8.062161445617675781e+00 -6.591576337814331055e-01 5.220115661621093750e+00 5.245653390884399414e-01 -1.354549638926982880e-02 8.506625890731811523e-01 3.195155039429664612e-02
2.483220000000000027e+01 8.161427497863769531e+00 -6.683070659637451172e-01 5.270233631134033203e+00 5.228086113929748535e-01 -1.146714668720960617e-02 8.517512083053588867e-01 3.255080431699752808e-02
2.503909000000000162e+01 8.257451057434082031e+00 -6.775266528129577637e-01 5.319629192352294922e+00 5.209870338439941406e-01 -1.121869310736656189e-02 8.528781533241271973e-01 3.233494982123374939e-02
2.524596999999999980e+01 8.350412368774414062e+00 -6.862715482711791992e-01 5.367686271667480469e+00 5.183748006820678711e-01 -1.100734248757362366e-02 8.543871045112609863e-01 3.448303416371345520e-02
2.545275000000000176e+01 8.440643310546875000e+00 -6.948871612548828125e-01 5.414829254150390625e+00 5.154148936271667480e-01 -8.923687040805816650e-03 8.561446666717529297e-01 3.583642840385437012e-02
2.565962999999999994e+01 8.527688980102539062e+00 -7.033747434616088867e-01 5.461461544036865234e+00 5.122422575950622559e-01 -7.823026739060878754e-03 8.580273389816284180e-01 3.654763475060462952e-02
2.586653000000000091e+01 8.612582206726074219e+00 -7.117197513580322266e-01 5.507917404174804688e+00 5.089021921157836914e-01 -6.846410222351551056e-03 8.599929213523864746e-01 3.719896450638771057e-02
2.607452999999999932e+01 8.695708274841308594e+00 -7.199276089668273926e-01 5.554420471191406250e+00 5.048502683639526367e-01 -6.891925819218158722e-03 8.622997999191284180e-01 3.895715251564979553e-02
2.628003999999999962e+01 8.776834487915039062e+00 -7.286310195922851562e-01 5.602354049682617188e+00 4.997756183147430420e-01 -1.122765522450208664e-02 8.651056885719299316e-01 4.111565649509429932e-02
2.648695000000000022e+01 8.856573104858398438e+00 -7.376622557640075684e-01 5.652195453643798828e+00 4.936426281929016113e-01 -1.810974627733230591e-02 8.684105873107910156e-01 4.303547367453575134e-02
2.669358000000000075e+01 8.937209129333496094e+00 -7.468987703323364258e-01 5.703571319580078125e+00 4.874559640884399414e-01 -2.170875854790210724e-02 8.718637824058532715e-01 4.205852746963500977e-02
2.690035999999999916e+01 9.019450187683105469e+00 -7.565729022026062012e-01 5.758264064788818359e+00 4.815715849399566650e-01 -2.433274872601032257e-02 8.754019141197204590e-01 3.417997807264328003e-02
2.710725000000000051e+01 9.103586196899414062e+00 -7.659569978713989258e-01 5.815613746643066406e+00 4.752921462059020996e-01 -2.567971870303153992e-02 8.790078759193420410e-01 2.798437885940074921e-02
2.731399000000000044e+01 9.189235687255859375e+00 -7.745715379714965820e-01 5.875625610351562500e+00 4.684616327285766602e-01 -3.028232045471668243e-02 8.825318217277526855e-01 2.764835394918918610e-02
2.752074999999999960e+01 9.277812004089355469e+00 -7.834008336067199707e-01 5.939132690429687500e+00 4.615777730941772461e-01 -3.323392942547798157e-02 8.860253095626831055e-01 2.829607762396335602e-02
2.772768999999999906e+01 9.369071960449218750e+00 -7.926506400108337402e-01 6.007553577423095703e+00 4.545224606990814209e-01 -3.663610666990280151e-02 8.896178603172302246e-01 2.544045634567737579e-02
2.793446000000000140e+01 9.463632583618164062e+00 -8.024054765701293945e-01 6.079263687133789062e+00 4.464609026908874512e-01 -3.549144417047500610e-02 8.937943577766418457e-01 2.334103919565677643e-02
2.814104999999999990e+01 9.559025764465332031e+00 -8.119168877601623535e-01 6.155339717864990234e+00 4.377377629280090332e-01 -3.761974349617958069e-02 8.980408906936645508e-01 2.220283821225166321e-02
2.834803000000000139e+01 9.656704902648925781e+00 -8.211870193481445312e-01 6.236176967620849609e+00 4.291918873786926270e-01 -3.873312100768089294e-02 9.021171331405639648e-01 2.188188023865222931e-02
2.855480999999999980e+01 9.756956100463867188e+00 -8.313820362091064453e-01 6.320955753326416016e+00 4.241302013397216797e-01 -3.764100000262260437e-02 9.045640826225280762e-01 2.146294154226779938e-02
2.876182999999999979e+01 9.860628128051757812e+00 -8.415739536285400391e-01 6.407981395721435547e+00 4.201165139675140381e-01 -3.348239511251449585e-02 9.065562486648559570e-01 2.317067608237266541e-02
2.897069000000000116e+01 9.967261314392089844e+00 -8.519974350929260254e-01 6.498031616210937500e+00 4.160547256469726562e-01 -2.636741660535335541e-02 9.086319804191589355e-01 2.431499212980270386e-02
2.917673999999999879e+01 1.007512187957763672e+01 -8.622896075248718262e-01 6.591643333435058594e+00 4.122331142425537109e-01 -2.280848287045955658e-02 9.104791879653930664e-01 2.390204928815364838e-02
2.938483000000000089e+01 1.018227100372314453e+01 -8.724994659423828125e-01 6.688726902008056641e+00 4.082832932472229004e-01 -2.626609429717063904e-02 9.121593832969665527e-01 2.408502064645290375e-02
2.958937999999999846e+01 1.029052734375000000e+01 -8.827496170997619629e-01 6.788760185241699219e+00 4.046184718608856201e-01 -2.820620872080326080e-02 9.138209223747253418e-01 2.048566006124019623e-02
2.979633000000000109e+01 1.039988613128662109e+01 -8.922038674354553223e-01 6.891263961791992188e+00 4.004367589950561523e-01 -2.660685591399669647e-02 9.158321022987365723e-01 1.393273938447237015e-02
3.000317000000000078e+01 1.051025199890136719e+01 -9.008454680442810059e-01 6.994880676269531250e+00 3.948581516742706299e-01 -2.252471819519996643e-02 9.183490872383117676e-01 1.465160306543111801e-02
3.021162999999999954e+01 1.062037467956542969e+01 -9.099809527397155762e-01 7.099239826202392578e+00 3.882970511913299561e-01 -1.774365641176700592e-02 9.210394024848937988e-01 2.443629503250122070e-02
3.041668999999999912e+01 1.072975730895996094e+01 -9.200319051742553711e-01 7.208061218261718750e+00 3.809220194816589355e-01 -1.522167120128870010e-02 9.241209626197814941e-01 2.583131752908229828e-02
3.062358000000000047e+01 1.083868885040283203e+01 -9.310439825057983398e-01 7.319187164306640625e+00 3.736019432544708252e-01 -1.060332637280225754e-02 9.271498918533325195e-01 2.650151029229164124e-02
3.083033000000000001e+01 1.094582366943359375e+01 -9.416702985763549805e-01 7.432671546936035156e+00 3.679976165294647217e-01 -1.126938965171575546e-02 9.292656183242797852e-01 3.026916086673736572e-02
3.103734999999999999e+01 1.105351638793945312e+01 -9.533264636993408203e-01 7.547739982604980469e+00 3.642005026340484619e-01 -7.586055900901556015e-03 9.308478832244873047e-01 2.868520468473434448e-02
3.124424000000000134e+01 1.116088581085205078e+01 -9.639642238616943359e-01 7.663212299346923828e+00 3.628971278667449951e-01 -3.456969512626528740e-03 9.314247965812683105e-01 2.723243273794651031e-02
3.145126000000000133e+01 1.126777935028076172e+01 -9.741556048393249512e-01 7.779657363891601562e+00 3.627756834030151367e-01 -3.707897849380970001e-03 9.315062165260314941e-01 2.600549161434173584e-02
3.166172999999999860e+01 1.137478828430175781e+01 -9.841929674148559570e-01 7.896660327911376953e+00 3.639143705368041992e-01 -6.752092391252517700e-03 9.310362935066223145e-01 2.631081081926822662e-02
3.186588000000000065e+01 1.148173713684082031e+01 -9.945894479751586914e-01 8.013391494750976562e+00 3.665921688079833984e-01 -1.051011402159929276e-02 9.299741387367248535e-01 2.545341849327087402e-02
3.207410999999999746e+01 1.158949375152587891e+01 -1.005099177360534668e+00 8.128751754760742188e+00 3.697105348110198975e-01 -1.150354743003845215e-02 9.287739396095275879e-01 2.368139475584030151e-02
3.228016999999999825e+01 1.169803237915039062e+01 -1.015049815177917480e+00 8.242316246032714844e+00 3.732888698577880859e-01 -9.276765398681163788e-03 9.274105429649353027e-01 2.189013548195362091e-02
3.248610999999999649e+01 1.180515193939208984e+01 -1.025562882423400879e+00 8.353607177734375000e+00 3.773855865001678467e-01 -1.482607796788215637e-02 9.255400896072387695e-01 2.712860703468322754e-02
3.269467999999999819e+01 1.191296672821044922e+01 -1.036575317382812500e+00 8.463556289672851562e+00 3.819303214550018311e-01 -1.731557771563529968e-02 9.236201047897338867e-01 2.748368680477142334e-02
3.290229000000000070e+01 1.202156925201416016e+01 -1.047730207443237305e+00 8.572568893432617188e+00 3.867251574993133545e-01 -1.772041805088520050e-02 9.217705130577087402e-01 2.165287733078002930e-02
3.310679999999999978e+01 1.213050842285156250e+01 -1.057926774024963379e+00 8.678370475769042969e+00 3.908918797969818115e-01 -1.665632985532283783e-02 9.200264811515808105e-01 2.184983342885971069e-02
3.331472000000000122e+01 1.224044132232666016e+01 -1.068373560905456543e+00 8.781929016113281250e+00 3.950490057468414307e-01 -1.428623311221599579e-02 9.182001948356628418e-01 2.531144209206104279e-02
3.352051999999999765e+01 1.235142993927001953e+01 -1.078869104385375977e+00 8.885150909423828125e+00 3.999609351158142090e-01 -1.391220930963754654e-02 9.160218834877014160e-01 2.723198197782039642e-02
3.372776000000000352e+01 1.246353340148925781e+01 -1.089813709259033203e+00 8.987663269042968750e+00 4.055627584457397461e-01 -1.458538696169853210e-02 9.135576486587524414e-01 2.680691331624984741e-02
3.393464999999999776e+01 1.257666492462158203e+01 -1.101045846939086914e+00 9.088733673095703125e+00 4.126708209514617920e-01 -1.918136514723300934e-02 9.102380871772766113e-01 2.831036597490310669e-02
3.414222999999999786e+01 1.269219875335693359e+01 -1.112605094909667969e+00 9.188295364379882812e+00 4.200745224952697754e-01 -2.217102050781250000e-02 9.066876173019409180e-01 3.103921748697757721e-02
3.434806999999999988e+01 1.281166267395019531e+01 -1.124162197113037109e+00 9.288045883178710938e+00 4.281899929046630859e-01 -2.134823799133300781e-02 9.031912088394165039e-01 2.105372026562690735e-02
3.455508999999999986e+01 1.293397140502929688e+01 -1.134088754653930664e+00 9.386301994323730469e+00 4.365243911743164062e-01 -2.140658348798751831e-02 8.992913961410522461e-01 1.622619479894638062e-02
3.476471000000000089e+01 1.305881500244140625e+01 -1.143905639648437500e+00 9.481307029724121094e+00 4.448310136795043945e-01 -1.979565061628818512e-02 8.951563239097595215e-01 2.070515044033527374e-02
3.496902999999999651e+01 1.318572616577148438e+01 -1.154900550842285156e+00 9.574214935302734375e+00 4.527666270732879639e-01 -2.109080366790294647e-02 8.909275531768798828e-01 2.838535793125629425e-02
3.517678999999999689e+01 1.331534194946289062e+01 -1.167233943939208984e+00 9.665066719055175781e+00 4.606776833534240723e-01 -1.632714830338954926e-02 8.870317935943603516e-01 2.615471370518207550e-02
3.538277000000000072e+01 1.344362068176269531e+01 -1.178721070289611816e+00 9.753059387207031250e+00 4.682309329509735107e-01 -1.693923026323318481e-02 8.830715417861938477e-01 2.564348466694355011e-02
3.558968000000000131e+01 1.357203292846679688e+01 -1.189958095550537109e+00 9.836932182312011719e+00 4.742743670940399170e-01 -1.168041490018367767e-02 8.799104094505310059e-01 2.617599815130233765e-02
3.579654000000000025e+01 1.369853496551513672e+01 -1.200627088546752930e+00 9.918673515319824219e+00 4.792156517505645752e-01 -1.098994910717010498e-02 8.773183226585388184e-01 2.332888357341289520e-02
3.600601000000000340e+01 1.382320690155029297e+01 -1.211049318313598633e+00 9.997284889221191406e+00 4.835872650146484375e-01 -1.219210028648376465e-02 8.748239874839782715e-01 2.603484317660331726e-02
3.621029999999999660e+01 1.394568824768066406e+01 -1.221592783927917480e+00 1.007363700866699219e+01 4.868984222412109375e-01 -1.554106734693050385e-02 8.728476762771606445e-01 2.873119525611400604e-02
3.641707000000000249e+01 1.406814193725585938e+01 -1.232213258743286133e+00 1.014786338806152344e+01 4.894954860210418701e-01 -1.066978182643651962e-02 8.716128468513488770e-01 2.390300668776035309e-02
3.662396999999999991e+01 1.418829059600830078e+01 -1.241732120513916016e+00 1.021899890899658203e+01 4.921391010284423828e-01 -5.870674736797809601e-03 8.701286911964416504e-01 2.531451359391212463e-02
3.683073999999999870e+01 1.430473995208740234e+01 -1.251200556755065918e+00 1.028824424743652344e+01 4.942578673362731934e-01 -9.066903032362461090e-03 8.687654137611389160e-01 2.955872006714344025e-02
3.704037000000000290e+01 1.441911888122558594e+01 -1.261406660079956055e+00 1.035548877716064453e+01 4.963373243808746338e-01 -1.115838997066020966e-02 8.673338294029235840e-01 3.545089066028594971e-02
3.724470000000000169e+01 1.453320598602294922e+01 -1.271347522735595703e+00 1.042268848419189453e+01 4.994072616100311279e-01 -9.252767078578472137e-03 8.659723401069641113e-01 2.446850389242172241e-02
3.745139999999999958e+01 1.464382362365722656e+01 -1.280517816543579102e+00 1.048788452148437500e+01 5.019395351409912109e-01 -1.139938272535800934e-02 8.646168112754821777e-01 1.909383200109004974e-02
3.765814999999999912e+01 1.475232315063476562e+01 -1.287941813468933105e+00 1.054876613616943359e+01 5.043500661849975586e-01 -1.150235440582036972e-02 8.631063699722290039e-01 2.336946688592433929e-02
3.786507000000000289e+01 1.485915088653564453e+01 -1.296036481857299805e+00 1.060874366760253906e+01 5.068788528442382812e-01 -1.129553932696580887e-02 8.616670370101928711e-01 2.182304300367832184e-02
3.807238999999999862e+01 1.496382999420166016e+01 -1.303916573524475098e+00 1.066614055633544922e+01 5.094834566116333008e-01 -1.067143492400646210e-02 8.601225018501281738e-01 2.240655757486820221e-02
3.827881000000000000e+01 1.506596088409423828e+01 -1.311857104301452637e+00 1.072075748443603516e+01 5.133073925971984863e-01 -1.138361729681491852e-02 8.577831387519836426e-01 2.437268197536468506e-02
3.848582999999999998e+01 1.516631317138671875e+01 -1.319842696189880371e+00 1.077328777313232422e+01 5.179952383041381836e-01 -1.268926728516817093e-02 8.548892736434936523e-01 2.615783177316188812e-02
3.869272000000000133e+01 1.526657485961914062e+01 -1.328175663948059082e+00 1.082372283935546875e+01 5.237147808074951172e-01 -1.342730131000280380e-02 8.512570261955261230e-01 3.006812371313571930e-02
3.889992000000000161e+01 1.536839199066162109e+01 -1.336514949798583984e+00 1.087421798706054688e+01 5.299131870269775391e-01 -1.650684699416160583e-02 8.473964333534240723e-01 2.896425314247608185e-02
3.910687000000000069e+01 1.547235870361328125e+01 -1.345539689064025879e+00 1.092385387420654297e+01 5.359636545181274414e-01 -1.832014322280883789e-02 8.435820341110229492e-01 2.787024341523647308e-02
3.931387999999999749e+01 1.557857418060302734e+01 -1.354431867599487305e+00 1.097238445281982422e+01 5.426596403121948242e-01 -2.200089953839778900e-02 8.391495347023010254e-01 2.940325066447257996e-02
3.952089999999999748e+01 1.568796253204345703e+01 -1.364271640777587891e+00 1.102042102813720703e+01 5.493754744529724121e-01 -2.489989250898361206e-02 8.346534371376037598e-01 3.033559396862983704e-02
3.972798999999999836e+01 1.580098342895507812e+01 -1.374953269958496094e+00 1.106744480133056641e+01 5.560572743415832520e-01 -2.698439545929431915e-02 8.301168084144592285e-01 3.127715364098548889e-02
3.993480000000000274e+01 1.591804313659667969e+01 -1.385710000991821289e+00 1.111309814453125000e+01 5.625661611557006836e-01 -2.528774552047252655e-02 8.256964683532714844e-01 3.324492275714874268e-02
4.014168000000000092e+01 1.603948783874511719e+01 -1.396941423416137695e+00 1.115897464752197266e+01 5.692787766456604004e-01 -2.386503294110298157e-02 8.212262988090515137e-01 3.065242990851402283e-02
4.035054000000000229e+01 1.616553497314453125e+01 -1.407611012458801270e+00 1.120390796661376953e+01 5.748735070228576660e-01 -2.010919526219367981e-02 8.174794912338256836e-01 2.904082648456096649e-02
4.055606000000000222e+01 1.629661560058593750e+01 -1.417293548583984375e+00 1.124937725067138672e+01 5.797906517982482910e-01 -1.643946580588817596e-02 8.142359852790832520e-01 2.433874085545539856e-02
4.076407999999999987e+01 1.642970275878906250e+01 -1.427715539932250977e+00 1.129302215576171875e+01 5.839096903800964355e-01 -1.602383144199848175e-02 8.110738396644592285e-01 3.085481747984886169e-02
4.096936000000000178e+01 1.656547737121582031e+01 -1.438709735870361328e+00 1.133592891693115234e+01 5.875318646430969238e-01 -1.862310245633125305e-02 8.078609108924865723e-01 4.266521334648132324e-02
4.117681999999999931e+01 1.670692825317382812e+01 -1.451944708824157715e+00 1.137835788726806641e+01 5.914162993431091309e-01 -1.074611488729715347e-02 8.051669597625732422e-01 4.263316467404365540e-02
4.138510999999999740e+01 1.685027885437011719e+01 -1.465770006179809570e+00 1.142115688323974609e+01 5.954223275184631348e-01 -1.094533503055572510e-02 8.022224307060241699e-01 4.232896491885185242e-02
4.159268999999999750e+01 1.699525642395019531e+01 -1.479004502296447754e+00 1.146451663970947266e+01 5.993301272392272949e-01 -1.767671853303909302e-02 7.990990281105041504e-01 4.395183175802230835e-02
4.179666999999999888e+01 1.714384078979492188e+01 -1.493761062622070312e+00 1.150709247589111328e+01 6.039928197860717773e-01 -1.687318831682205200e-02 7.958989739418029785e-01 3.811655938625335693e-02
4.200356000000000023e+01 1.729367828369140625e+01 -1.507511496543884277e+00 1.154802894592285156e+01 6.083159446716308594e-01 -1.937922462821006775e-02 7.924962639808654785e-01 3.906180709600448608e-02
4.221032000000000295e+01 1.744759750366210938e+01 -1.522138595581054688e+00 1.158685398101806641e+01 6.120004057884216309e-01 -1.674967817962169647e-02 7.895827889442443848e-01 4.164105653762817383e-02
4.241760000000000019e+01 1.760312652587890625e+01 -1.536959052085876465e+00 1.162532901763916016e+01 6.150607466697692871e-01 -1.501408778131008148e-02 7.872137427330017090e-01 4.206499457359313965e-02
4.262396999999999991e+01 1.776037979125976562e+01 -1.551797628402709961e+00 1.166349887847900391e+01 6.173645257949829102e-01 -1.472717057913541794e-02 7.854871749877929688e-01 4.067101702094078064e-02
4.283073000000000263e+01 1.791873168945312500e+01 -1.566432237625122070e+00 1.170141315460205078e+01 6.194750666618347168e-01 -1.515653450042009354e-02 7.839345335960388184e-01 3.830968588590621948e-02
4.303739000000000203e+01 1.807578086853027344e+01 -1.580994367599487305e+00 1.173845958709716797e+01 6.208810210227966309e-01 -1.724473945796489716e-02 7.827534675598144531e-01 3.881392255425453186e-02
4.324470999999999776e+01 1.823298835754394531e+01 -1.595879554748535156e+00 1.177461528778076172e+01 6.222907900810241699e-01 -1.674889773130416870e-02 7.816584706306457520e-01 3.851816803216934204e-02
4.345091000000000037e+01 1.838982009887695312e+01 -1.610218882560729980e+00 1.180979728698730469e+01 6.234425306320190430e-01 -1.343410648405551910e-02 7.808595299720764160e-01 3.738230466842651367e-02
4.366033999999999793e+01 1.854659652709960938e+01 -1.624241709709167480e+00 1.184494018554687500e+01 6.246756911277770996e-01 -1.684816740453243256e-02 7.796888351440429688e-01 3.977173939347267151e-02
4.386529999999999774e+01 1.870294761657714844e+01 -1.639150023460388184e+00 1.187902450561523438e+01 6.266109347343444824e-01 -1.830703951418399811e-02 7.780556082725524902e-01 4.065789654850959778e-02
4.407164000000000215e+01 1.886000061035156250e+01 -1.653983592987060547e+00 1.191267204284667969e+01 6.290591955184936523e-01 -1.557282265275716782e-02 7.763618826866149902e-01 3.611458465456962585e-02
4.427866000000000213e+01 1.901646804809570312e+01 -1.667757153511047363e+00 1.194481658935546875e+01 6.321340203285217285e-01 -1.480451505631208420e-02 7.739587426185607910e-01 3.428423032164573669e-02
4.448572000000000060e+01 1.917275619506835938e+01 -1.680857181549072266e+00 1.197527503967285156e+01 6.353174448013305664e-01 -1.516800373792648315e-02 7.713016271591186523e-01 3.514931350946426392e-02
4.469295999999999935e+01 1.932818603515625000e+01 -1.694197058677673340e+00 1.200449752807617188e+01 6.386575698852539062e-01 -1.456697750836610794e-02 7.685757875442504883e-01 3.457868099212646484e-02
4.489958000000000027e+01 1.948427581787109375e+01 -1.707314491271972656e+00 1.203245925903320312e+01 6.417788267135620117e-01 -1.545767392963171005e-02 7.659973502159118652e-01 3.360331431031227112e-02
4.510714000000000112e+01 1.963986587524414062e+01 -1.720250248908996582e+00 1.205973243713378906e+01 6.449481844902038574e-01 -1.716354489326477051e-02 7.633739113807678223e-01 3.174348175525665283e-02
4.531345999999999918e+01 1.979473304748535156e+01 -1.733639240264892578e+00 1.208643150329589844e+01 6.476987600326538086e-01 -2.189789526164531708e-02 7.609821557998657227e-01 3.021592833101749420e-02
4.552035000000000053e+01 1.994919013977050781e+01 -1.747087717056274414e+00 1.211141014099121094e+01 6.502591967582702637e-01 -2.574173174798488617e-02 7.586305737495422363e-01 3.130587190389633179e-02
4.572717999999999705e+01 2.010428810119628906e+01 -1.761337280273437500e+00 1.213506126403808594e+01 6.529219150543212891e-01 -2.410826273262500763e-02 7.565042376518249512e-01 2.851729094982147217e-02
4.593393999999999977e+01 2.025847244262695312e+01 -1.774480342864990234e+00 1.215718078613281250e+01 6.554251909255981445e-01 -2.227380312979221344e-02 7.544259428977966309e-01 2.762560732662677765e-02
4.614083999999999719e+01 2.041172027587890625e+01 -1.787275314331054688e+00 1.217815971374511719e+01 6.583527326583862305e-01 -2.292709983885288239e-02 7.518355250358581543e-01 2.809721231460571289e-02
4.634774000000000171e+01 2.056486892700195312e+01 -1.799898624420166016e+00 1.219663619995117188e+01 6.621266007423400879e-01 -1.925387047231197357e-02 7.485125660896301270e-01 3.076725080609321594e-02
4.655447000000000202e+01 2.071811103820800781e+01 -1.812946081161499023e+00 1.221394920349121094e+01 6.658487319946289062e-01 -1.769991777837276459e-02 7.452970147132873535e-01 2.940234728157520294e-02
4.676138000000000261e+01 2.086833953857421875e+01 -1.825983881950378418e+00 1.222940444946289062e+01 6.691790819168090820e-01 -2.478325553238391876e-02 7.416255474090576172e-01 3.970858827233314514e-02
4.696824999999999761e+01 2.101975250244140625e+01 -1.841366767883300781e+00 1.224425125122070312e+01 6.732808351516723633e-01 -2.636791951954364777e-02 7.379857301712036133e-01 3.707704320549964905e-02
4.717519999999999669e+01 2.117073249816894531e+01 -1.855953812599182129e+00 1.225763130187988281e+01 6.772297620773315430e-01 -2.420234307646751404e-02 7.347167730331420898e-01 3.107148967683315277e-02
4.738204000000000349e+01 2.131985282897949219e+01 -1.869403600692749023e+00 1.226957702636718750e+01 6.821332573890686035e-01 -2.620578557252883911e-02 7.302485704421997070e-01 2.728778682649135590e-02
4.758892000000000166e+01 2.146963119506835938e+01 -1.882114410400390625e+00 1.227899742126464844e+01 6.874732971191406250e-01 -2.557503618299961090e-02 7.254150509834289551e-01 2.234712801873683929e-02
4.779579999999999984e+01 2.161686706542968750e+01 -1.894266247749328613e+00 1.228474617004394531e+01 6.921617984771728516e-01 -2.543902769684791565e-02 7.208089828491210938e-01 2.644630707800388336e-02
4.800263000000000346e+01 2.176453208923339844e+01 -1.906486272811889648e+00 1.228877639770507812e+01 6.968342661857604980e-01 -2.489221096038818359e-02 7.162824869155883789e-01 2.723569795489311218e-02
4.820933000000000135e+01 2.191193008422851562e+01 -1.918841958045959473e+00 1.229142379760742188e+01 7.012603282928466797e-01 -2.298486232757568359e-02 7.120394706726074219e-01 2.656305022537708282e-02
4.841610000000000014e+01 2.205811119079589844e+01 -1.930933475494384766e+00 1.229243659973144531e+01 7.046757340431213379e-01 -2.447639405727386475e-02 7.085043191909790039e-01 2.923603914678096771e-02
4.862286999999999892e+01 2.220455551147460938e+01 -1.943384766578674316e+00 1.229152107238769531e+01 7.068077325820922852e-01 -2.203905209898948669e-02 7.063394188880920410e-01 3.196594864130020142e-02
4.882938000000000045e+01 2.235100555419921875e+01 -1.955962061882019043e+00 1.229016304016113281e+01 7.082421779632568359e-01 -1.924091205000877380e-02 7.049871683120727539e-01 3.187505155801773071e-02
4.903614999999999924e+01 2.249661254882812500e+01 -1.968088388442993164e+00 1.228837585449218750e+01 7.091944813728332520e-01 -1.796402782201766968e-02 7.039867043495178223e-01 3.351657837629318237e-02
4.924278000000000333e+01 2.264025115966796875e+01 -1.980432271957397461e+00 1.228665542602539062e+01 7.092263698577880859e-01 -1.726594753563404083e-02 7.038253545761108398e-01 3.646660596132278442e-02
4.945221000000000089e+01 2.278159332275390625e+01 -1.993169307708740234e+00 1.228514480590820312e+01 7.084010839462280273e-01 -1.642964966595172882e-02 7.045884728431701660e-01 3.811964765191078186e-02
4.965657999999999817e+01 2.292000961303710938e+01 -2.005849838256835938e+00 1.228406333923339844e+01 7.069075107574462891e-01 -1.494171749800443649e-02 7.060863971710205078e-01 3.873626142740249634e-02
4.986354000000000042e+01 2.305551910400390625e+01 -2.017865419387817383e+00 1.228409767150878906e+01 7.049502134323120117e-01 -1.274664606899023056e-02 7.081589698791503906e-01 3.733157739043235779e-02
5.006933000000000078e+01 2.318784332275390625e+01 -2.029166698455810547e+00 1.228546333312988281e+01 7.024886608123779297e-01 -1.187797635793685913e-02 7.107481956481933594e-01 3.472247719764709473e-02
5.027611999999999881e+01 2.331561660766601562e+01 -2.039828777313232422e+00 1.228868103027343750e+01 6.997347474098205566e-01 -1.489096041768789291e-02 7.134945392608642578e-01 3.278949856758117676e-02
5.048367999999999967e+01 2.343996047973632812e+01 -2.049647569656372070e+00 1.229211616516113281e+01 6.969993710517883301e-01 -1.419913116842508316e-02 7.162216901779174805e-01 3.188638016581535339e-02
5.069100000000000250e+01 2.356024932861328125e+01 -2.059591770172119141e+00 1.229700851440429688e+01 6.945234537124633789e-01 -1.414138637483119965e-02 7.187715172767639160e-01 2.836710028350353241e-02
5.089620000000000033e+01 2.367599105834960938e+01 -2.068461894989013672e+00 1.230163955688476562e+01 6.916025280952453613e-01 -1.453895866870880127e-02 7.215188145637512207e-01 2.975142002105712891e-02
5.110300000000000153e+01 2.378652191162109375e+01 -2.077670574188232422e+00 1.230723190307617188e+01 6.891874670982360840e-01 -1.674027740955352783e-02 7.237263321876525879e-01 3.099377453327178955e-02
5.130966000000000093e+01 2.389287567138671875e+01 -2.086394786834716797e+00 1.231398391723632812e+01 6.868619322776794434e-01 -1.889800094068050385e-02 7.259429693222045898e-01 2.950202114880084991e-02
5.151691999999999894e+01 2.399484252929687500e+01 -2.095328092575073242e+00 1.232073593139648438e+01 6.844566464424133301e-01 -1.956395246088504791e-02 7.282357215881347656e-01 2.844629995524883270e-02
5.172339999999999804e+01 2.409242630004882812e+01 -2.103413343429565430e+00 1.232812118530273438e+01 6.821807026863098145e-01 -2.241037040948867798e-02 7.302794456481933594e-01 2.862364426255226135e-02
5.193012999999999835e+01 2.418713378906250000e+01 -2.111829519271850586e+00 1.233583450317382812e+01 6.800494790077209473e-01 -2.304853871464729309e-02 7.322841882705688477e-01 2.759413234889507294e-02
5.213691000000000031e+01 2.427875900268554688e+01 -2.119847297668457031e+00 1.234350204467773438e+01 6.779274940490722656e-01 -2.347851730883121490e-02 7.342502474784851074e-01 2.719780243933200836e-02
5.234373000000000076e+01 2.436657333374023438e+01 -2.127645492553710938e+00 1.235159683227539062e+01 6.758522987365722656e-01 -2.474686689674854279e-02 7.361103296279907227e-01 2.743838354945182800e-02
5.255053999999999803e+01 2.445121765136718750e+01 -2.135350227355957031e+00 1.235954856872558594e+01 6.740991473197937012e-01 -2.574667893350124359e-02 7.376452088356018066e-01 2.840868756175041199e-02
5.275746000000000180e+01 2.453288650512695312e+01 -2.142650127410888672e+00 1.236763572692871094e+01 6.729936003684997559e-01 -2.714621834456920624e-02 7.385864853858947754e-01 2.885718271136283875e-02
5.296430000000000149e+01 2.461566925048828125e+01 -2.150356054306030273e+00 1.237570190429687500e+01 6.725375056266784668e-01 -2.784350886940956116e-02 7.389473915100097656e-01 2.957667224109172821e-02
5.317123999999999739e+01 2.469860458374023438e+01 -2.157862663269042969e+00 1.238371849060058594e+01 6.731377840042114258e-01 -2.832255326211452484e-02 7.384139895439147949e-01 2.877900190651416779e-02
5.337812000000000268e+01 2.478421783447265625e+01 -2.165470123291015625e+00 1.239145278930664062e+01 6.743689179420471191e-01 -2.780892699956893921e-02 7.373021841049194336e-01 2.896078303456306458e-02
5.358511000000000024e+01 2.487143516540527344e+01 -2.174071788787841797e+00 1.239795494079589844e+01 6.757212877273559570e-01 -2.739471755921840668e-02 7.358347773551940918e-01 3.460513055324554443e-02
5.379207000000000249e+01 2.496243286132812500e+01 -2.182233572006225586e+00 1.240496063232421875e+01 6.773372292518615723e-01 -2.962246164679527283e-02 7.340922951698303223e-01 3.801744058728218079e-02
5.399902000000000157e+01 2.505780792236328125e+01 -2.191165924072265625e+00 1.241163444519042969e+01 6.788472533226013184e-01 -2.739690802991390228e-02 7.327496409416198730e-01 3.865021467208862305e-02
5.420593999999999824e+01 2.515748214721679688e+01 -2.201398849487304688e+00 1.241718864440917969e+01 6.801948547363281250e-01 -2.176460810005664825e-02 7.315977215766906738e-01 4.032515734434127808e-02
5.441273999999999944e+01 2.525958442687988281e+01 -2.210924625396728516e+00 1.242511940002441406e+01 6.819170117378234863e-01 -2.581107430160045624e-02 7.299077510833740234e-01 3.946761414408683777e-02
5.461968999999999852e+01 2.536577224731445312e+01 -2.220719337463378906e+00 1.243047332763671875e+01 6.828702092170715332e-01 -2.149654552340507507e-02 7.290287613868713379e-01 4.175365343689918518e-02
5.482663999999999760e+01 2.547554969787597656e+01 -2.231795072555541992e+00 1.243734359741210938e+01 6.844065785408020020e-01 -2.272923663258552551e-02 7.275832295417785645e-01 4.115439578890800476e-02
5.503352000000000288e+01 2.558866882324218750e+01 -2.242455244064331055e+00 1.244405555725097656e+01 6.855984330177307129e-01 -2.554098144173622131e-02 7.263282537460327148e-01 4.182969033718109131e-02
5.524038000000000181e+01 2.570550918579101562e+01 -2.254223346710205078e+00 1.245018959045410156e+01 6.867877244949340820e-01 -2.637022361159324646e-02 7.251934409141540527e-01 4.149368777871131897e-02
5.544704999999999728e+01 2.582585144042968750e+01 -2.266730308532714844e+00 1.245705032348632812e+01 6.883121728897094727e-01 -2.811391651630401611e-02 7.237750887870788574e-01 3.981975838541984558e-02
5.565399000000000029e+01 2.594783782958984375e+01 -2.279889822006225586e+00 1.246222114562988281e+01 6.892665028572082520e-01 -3.016274981200695038e-02 7.224304676055908203e-01 4.578395560383796692e-02
5.586073999999999984e+01 2.607413101196289062e+01 -2.293379306793212891e+00 1.246737289428710938e+01 6.899529099464416504e-01 -2.940157987177371979e-02 7.216889262199401855e-01 4.759999364614486694e-02
5.606745999999999697e+01 2.620407676696777344e+01 -2.308089017868041992e+00 1.247116661071777344e+01 6.908268928527832031e-01 -2.356267534196376801e-02 7.210773229598999023e-01 4.744008556008338928e-02
5.627429000000000059e+01 2.633589553833007812e+01 -2.322223663330078125e+00 1.247590255737304688e+01 6.915008425712585449e-01 -2.349775843322277069e-02 7.203037738800048828e-01 4.936610907316207886e-02
5.648105000000000331e+01 2.647093582153320312e+01 -2.336807727813720703e+00 1.248067092895507812e+01 6.916568279266357422e-01 -2.301568724215030670e-02 7.201240062713623047e-01 5.002624541521072388e-02
5.668766000000000105e+01 2.660878562927246094e+01 -2.351784944534301758e+00 1.248583793640136719e+01 6.910067796707153320e-01 -2.140091173350811005e-02 7.208374142646789551e-01 4.944837465882301331e-02
5.689435000000000286e+01 2.674950790405273438e+01 -2.366737842559814453e+00 1.249164962768554688e+01 6.900974512100219727e-01 -2.050529792904853821e-02 7.217935323715209961e-01 4.857149720191955566e-02
5.710096000000000060e+01 2.689276695251464844e+01 -2.381642818450927734e+00 1.249805641174316406e+01 6.887804865837097168e-01 -1.868493482470512390e-02 7.231034040451049805e-01 4.851585626602172852e-02
5.730763000000000318e+01 2.703866004943847656e+01 -2.396676063537597656e+00 1.250497436523437500e+01 6.872379779815673828e-01 -1.805827952921390533e-02 7.245480418205261230e-01 4.907095059752464294e-02
5.751420000000000243e+01 2.718693733215332031e+01 -2.411713361740112305e+00 1.251258277893066406e+01 6.851271390914916992e-01 -1.595450192689895630e-02 7.265493273735046387e-01 4.972432553768157959e-02
5.772077999999999776e+01 2.733750534057617188e+01 -2.427160263061523438e+00 1.252133941650390625e+01 6.829748749732971191e-01 -1.516661327332258224e-02 7.285384535789489746e-01 5.046858638525009155e-02
5.792736000000000018e+01 2.749035644531250000e+01 -2.442791223526000977e+00 1.253159141540527344e+01 6.807574629783630371e-01 -1.576350070536136627e-02 7.305455207824707031e-01 5.122594907879829407e-02
5.813389999999999702e+01 2.764529037475585938e+01 -2.459006786346435547e+00 1.254332923889160156e+01 6.787912249565124512e-01 -1.795418187975883484e-02 7.323760986328125000e-01 5.045140534639358521e-02
5.834049999999999869e+01 2.780184555053710938e+01 -2.475594520568847656e+00 1.255580329895019531e+01 6.773352622985839844e-01 -1.846570707857608795e-02 7.337893247604370117e-01 4.928616806864738464e-02
5.854706999999999795e+01 2.796007537841796875e+01 -2.492017030715942383e+00 1.256851005554199219e+01 6.762169599533081055e-01 -1.659206487238407135e-02 7.349858283996582031e-01 4.744660109281539917e-02
5.875366000000000355e+01 2.811833953857421875e+01 -2.508159160614013672e+00 1.258109474182128906e+01 6.755064725875854492e-01 -1.620656996965408325e-02 7.355232238769531250e-01 4.933601617813110352e-02
5.896041000000000309e+01 2.827663040161132812e+01 -2.524254798889160156e+00 1.259471130371093750e+01 6.752080917358398438e-01 -1.644059829413890839e-02 7.359322309494018555e-01 4.719687253236770630e-02
5.916711000000000098e+01 2.843432235717773438e+01 -2.540721893310546875e+00 1.260848999023437500e+01 6.749969124794006348e-01 -1.754719205200672150e-02 7.362085580825805664e-01 4.547727853059768677e-02
5.937386000000000053e+01 2.859072113037109375e+01 -2.556700706481933594e+00 1.262229537963867188e+01 6.749075055122375488e-01 -1.820241287350654602e-02 7.362554669380187988e-01 4.578805714845657349e-02
5.958053999999999917e+01 2.874557495117187500e+01 -2.573044776916503906e+00 1.263580322265625000e+01 6.747528314590454102e-01 -1.913785003125667572e-02 7.363812327384948730e-01 4.566337540745735168e-02
5.978717000000000326e+01 2.890050315856933594e+01 -2.589158058166503906e+00 1.264916229248046875e+01 6.745309233665466309e-01 -1.822748966515064240e-02 7.366358041763305664e-01 4.520520940423011780e-02
5.999367999999999768e+01 2.905455589294433594e+01 -2.605459690093994141e+00 1.266279792785644531e+01 6.743658185005187988e-01 -1.961577683687210083e-02 7.367002367973327637e-01 4.603100568056106567e-02
6.020033000000000101e+01 2.920862579345703125e+01 -2.621104478836059570e+00 1.267580986022949219e+01 6.736426353454589844e-01 -1.695686206221580505e-02 7.373378276824951172e-01 4.744612425565719604e-02
6.040675999999999846e+01 2.936190795898437500e+01 -2.637269496917724609e+00 1.268920135498046875e+01 6.722319126129150391e-01 -1.447632443159818649e-02 7.385741472244262695e-01 4.901951551437377930e-02
6.061328999999999922e+01 2.951438140869140625e+01 -2.652914524078369141e+00 1.270253753662109375e+01 6.697431802749633789e-01 -1.438323874026536942e-02 7.403622269630432129e-01 5.568592250347137451e-02
6.081992000000000331e+01 2.966776466369628906e+01 -2.670282125473022461e+00 1.271753692626953125e+01 6.672812104225158691e-01 -1.264195144176483154e-02 7.425244450569152832e-01 5.686310678720474243e-02
6.102662999999999727e+01 2.982026863098144531e+01 -2.687390804290771484e+00 1.273377799987792969e+01 6.646395325660705566e-01 -1.305837649852037430e-02 7.447758316993713379e-01 5.824721232056617737e-02
6.123319999999999652e+01 2.997254943847656250e+01 -2.704525709152221680e+00 1.275169181823730469e+01 6.616600751876831055e-01 -1.137654762715101242e-02 7.477440237998962402e-01 5.436358228325843811e-02
6.143983000000000061e+01 3.012430000305175781e+01 -2.720635652542114258e+00 1.277151870727539062e+01 6.580007076263427734e-01 -1.213313825428485870e-02 7.511016130447387695e-01 5.229033157229423523e-02
6.164643000000000228e+01 3.027622222900390625e+01 -2.736715316772460938e+00 1.279310226440429688e+01 6.535453200340270996e-01 -1.293339952826499939e-02 7.550506591796875000e-01 5.108669772744178772e-02
6.185302999999999685e+01 3.042757034301757812e+01 -2.752766609191894531e+00 1.281710243225097656e+01 6.476693749427795410e-01 -1.506091188639402390e-02 7.600815892219543457e-01 5.072983726859092712e-02
6.205953999999999837e+01 3.057871246337890625e+01 -2.769277334213256836e+00 1.284381294250488281e+01 6.404229998588562012e-01 -1.668572798371315002e-02 7.661932706832885742e-01 5.027834698557853699e-02
6.226619000000000170e+01 3.072985649108886719e+01 -2.786036968231201172e+00 1.287332725524902344e+01 6.331017017364501953e-01 -1.771188154816627502e-02 7.722893953323364258e-01 4.937217012047767639e-02
6.247279000000000337e+01 3.088018417358398438e+01 -2.802703380584716797e+00 1.290583801269531250e+01 6.263404488563537598e-01 -1.857689395546913147e-02 7.778286337852478027e-01 4.832335934042930603e-02
6.267943000000000353e+01 3.103063392639160156e+01 -2.819548845291137695e+00 1.294066429138183594e+01 6.212115287780761719e-01 -1.949419081211090088e-02 7.819695472717285156e-01 4.732826724648475647e-02
6.288615999999999673e+01 3.118161392211914062e+01 -2.836240053176879883e+00 1.297711944580078125e+01 6.172612905502319336e-01 -2.023106254637241364e-02 7.850947976112365723e-01 4.696215316653251648e-02
6.309291999999999945e+01 3.133278274536132812e+01 -2.853274822235107422e+00 1.301506996154785156e+01 6.136119365692138672e-01 -2.044766396284103394e-02 7.879596948623657227e-01 4.670931026339530945e-02
6.329955999999999960e+01 3.148424911499023438e+01 -2.870303153991699219e+00 1.305455589294433594e+01 6.100203990936279297e-01 -2.052989043295383453e-02 7.907408475875854492e-01 4.671817645430564880e-02
6.350619999999999976e+01 3.163624763488769531e+01 -2.887274980545043945e+00 1.309571838378906250e+01 6.063786149024963379e-01 -1.999750547111034393e-02 7.936370372772216797e-01 4.522520676255226135e-02
6.371283999999999992e+01 3.178728485107421875e+01 -2.903631210327148438e+00 1.313791847229003906e+01 6.026495695114135742e-01 -1.855164207518100739e-02 7.965928912162780762e-01 4.369311407208442688e-02
6.391944999999999766e+01 3.193662071228027344e+01 -2.919710397720336914e+00 1.318176460266113281e+01 5.991281270980834961e-01 -1.852706260979175568e-02 7.992984056472778320e-01 4.271256178617477417e-02
6.412587000000000614e+01 3.208402252197265625e+01 -2.936074256896972656e+00 1.322648811340332031e+01 5.951912403106689453e-01 -2.187841758131980896e-02 8.020915985107421875e-01 4.379285126924514771e-02
6.433240999999999588e+01 3.223064804077148438e+01 -2.952225208282470703e+00 1.327235221862792969e+01 5.920644402503967285e-01 -2.182413265109062195e-02 8.045421838760375977e-01 4.117431864142417908e-02
6.453906000000000631e+01 3.237599945068359375e+01 -2.968164205551147461e+00 1.331934738159179688e+01 5.905004143714904785e-01 -2.373226173222064972e-02 8.058187365531921387e-01 3.744723647832870483e-02
6.474571000000000254e+01 3.251840209960937500e+01 -2.983494758605957031e+00 1.336572074890136719e+01 5.896232128143310547e-01 -2.820152044296264648e-02 8.062101602554321289e-01 3.967880085110664368e-02
6.495228000000000179e+01 3.266088485717773438e+01 -2.999335050582885742e+00 1.341228485107421875e+01 5.893352627754211426e-01 -2.861983142793178558e-02 8.065626025199890137e-01 3.635582327842712402e-02
6.515882000000000573e+01 3.280254745483398438e+01 -3.014814853668212891e+00 1.345860099792480469e+01 5.893318057060241699e-01 -2.803156152367591858e-02 8.067644834518432617e-01 3.214644640684127808e-02
6.536548000000000513e+01 3.294236373901367188e+01 -3.029102325439453125e+00 1.350387001037597656e+01 5.897873640060424805e-01 -2.795320004224777222e-02 8.064168095588684082e-01 3.258165344595909119e-02
6.557196000000000424e+01 3.308244705200195312e+01 -3.043132305145263672e+00 1.354824256896972656e+01 5.901957750320434570e-01 -2.516711317002773285e-02 8.061577677726745605e-01 3.384213894605636597e-02
6.577866000000000213e+01 3.322187423706054688e+01 -3.057604312896728516e+00 1.359266853332519531e+01 5.905047655105590820e-01 -2.508316934108734131e-02 8.059052824974060059e-01 3.451973199844360352e-02
6.598517999999999972e+01 3.336185455322265625e+01 -3.071376562118530273e+00 1.363673400878906250e+01 5.904574394226074219e-01 -2.687106467783451080e-02 8.056473135948181152e-01 3.962771221995353699e-02
6.619174999999999898e+01 3.350375747680664062e+01 -3.086423635482788086e+00 1.368179702758789062e+01 5.909082889556884766e-01 -2.576626464724540710e-02 8.054606318473815918e-01 3.737350180745124817e-02
6.639839999999999520e+01 3.364758682250976562e+01 -3.101501226425170898e+00 1.372746467590332031e+01 5.910233259201049805e-01 -2.628621459007263184e-02 8.053477406501770020e-01 3.762432932853698730e-02
6.660504000000000246e+01 3.379430770874023438e+01 -3.116669178009033203e+00 1.377348518371582031e+01 5.907254815101623535e-01 -2.680876851081848145e-02 8.054152131080627441e-01 4.038671776652336121e-02
6.681153000000000475e+01 3.394428253173828125e+01 -3.132521152496337891e+00 1.382082748413085938e+01 5.906339883804321289e-01 -2.502087131142616272e-02 8.056066632270812988e-01 3.903002664446830750e-02
6.701818000000000097e+01 3.409606933593750000e+01 -3.148684740066528320e+00 1.386821937561035156e+01 5.901801586151123047e-01 -2.268992550671100616e-02 8.058637976646423340e-01 4.190716147422790527e-02
6.722469999999999857e+01 3.424925231933593750e+01 -3.164915084838867188e+00 1.391611862182617188e+01 5.893796086311340332e-01 -2.005777508020401001e-02 8.064224720001220703e-01 4.372859001159667969e-02
6.743135999999999797e+01 3.440245056152343750e+01 -3.181611537933349609e+00 1.396340179443359375e+01 5.881319046020507812e-01 -1.585335470736026764e-02 8.072400689125061035e-01 4.704251512885093689e-02
6.763801999999999737e+01 3.455478668212890625e+01 -3.197471380233764648e+00 1.401346588134765625e+01 5.880347490310668945e-01 -1.493965554982423782e-02 8.076304197311401367e-01 4.153433069586753845e-02
6.784454999999999814e+01 3.470727157592773438e+01 -3.212826251983642578e+00 1.406248474121093750e+01 5.874737501144409180e-01 -1.397095993161201477e-02 8.080931305885314941e-01 4.080292582511901855e-02
6.805116999999999905e+01 3.485826110839843750e+01 -3.227784872055053711e+00 1.411116981506347656e+01 5.868439674377441406e-01 -1.469416264444589615e-02 8.083960413932800293e-01 4.352127760648727417e-02
6.825769999999999982e+01 3.500863265991210938e+01 -3.243332386016845703e+00 1.415945434570312500e+01 5.862581133842468262e-01 -1.217375509440898895e-02 8.088789582252502441e-01 4.322182759642601013e-02
6.846429999999999438e+01 3.515559387207031250e+01 -3.258764982223510742e+00 1.420765495300292969e+01 5.862681865692138672e-01 -1.252938900142908096e-02 8.089260458946228027e-01 4.208782687783241272e-02
6.867091999999999530e+01 3.529974746704101562e+01 -3.273321151733398438e+00 1.425463294982910156e+01 5.866029858589172363e-01 -1.176030095666646957e-02 8.087214231491088867e-01 4.157312959432601929e-02
6.887761999999999318e+01 3.544055938720703125e+01 -3.287545680999755859e+00 1.429994392395019531e+01 5.873677730560302734e-01 -1.015609223395586014e-02 8.082712292671203613e-01 3.992131724953651428e-02
6.908424999999999727e+01 3.557780075073242188e+01 -3.300756931304931641e+00 1.434373474121093750e+01 5.883748531341552734e-01 -9.700180031359195709e-03 8.074650168418884277e-01 4.148816317319869995e-02
6.929095999999999833e+01 3.571206283569335938e+01 -3.314731836318969727e+00 1.438666152954101562e+01 5.894610285758972168e-01 -1.346113812178373337e-02 8.064461350440979004e-01 4.471243172883987427e-02
6.949751999999999441e+01 3.584444427490234375e+01 -3.328639030456542969e+00 1.442856216430664062e+01 5.904403924942016602e-01 -1.532093808054924011e-02 8.055852055549621582e-01 4.666854068636894226e-02
6.970449000000000694e+01 3.597575378417968750e+01 -3.342665433883666992e+00 1.446976661682128906e+01 5.916877985000610352e-01 -1.297518610954284668e-02 8.049299716949462891e-01 4.272007569670677185e-02
6.991094999999999970e+01 3.610549163818359375e+01 -3.356034994125366211e+00 1.450931930541992188e+01 5.923006534576416016e-01 -1.150794699788093567e-02 8.044558763504028320e-01 4.356830567121505737e-02
7.011799999999999500e+01 3.623427200317382812e+01 -3.368919372558593750e+00 1.454892539978027344e+01 5.924627780914306641e-01 -1.242941524833440781e-02 8.042538762092590332e-01 4.482300952076911926e-02
7.032429000000000485e+01 3.636248016357421875e+01 -3.382252693176269531e+00 1.458801841735839844e+01 5.924597978591918945e-01 -1.179722696542739868e-02 8.041776418685913086e-01 4.637474194169044495e-02
7.053092999999999790e+01 3.649042129516601562e+01 -3.395681142807006836e+00 1.462752914428710938e+01 5.924668908119201660e-01 -1.262101903557777405e-02 8.040912747383117676e-01 4.754930734634399414e-02
7.073802999999999486e+01 3.661891937255859375e+01 -3.409120559692382812e+00 1.466720771789550781e+01 5.923967361450195312e-01 -1.205473206937313080e-02 8.041647672653198242e-01 4.732804372906684875e-02
7.094638000000000488e+01 3.674758911132812500e+01 -3.422694444656372070e+00 1.470707702636718750e+01 5.915308594703674316e-01 -1.054876483976840973e-02 8.048750162124633789e-01 4.643558338284492493e-02
7.115121999999999503e+01 3.687446975708007812e+01 -3.435902595520019531e+00 1.474709320068359375e+01 5.902412533760070801e-01 -9.403948672115802765e-03 8.059037327766418457e-01 4.523317143321037292e-02
7.135974000000000217e+01 3.699732589721679688e+01 -3.448729038238525391e+00 1.478672409057617188e+01 5.886211395263671875e-01 -1.108285412192344666e-02 8.070831894874572754e-01 4.493430256843566895e-02
7.156445999999999685e+01 3.711699295043945312e+01 -3.461268186569213867e+00 1.482568550109863281e+01 5.870301723480224609e-01 -1.164632476866245270e-02 8.082533478736877441e-01 4.456990957260131836e-02
7.177195000000000391e+01 3.723333740234375000e+01 -3.473749160766601562e+00 1.486408615112304688e+01 5.860772728919982910e-01 -1.168316509574651718e-02 8.090407848358154297e-01 4.277844354510307312e-02
7.197786999999999580e+01 3.734657669067382812e+01 -3.485399007797241211e+00 1.490129661560058594e+01 5.850962400436401367e-01 -1.183496415615081787e-02 8.097714185714721680e-01 4.233891144394874573e-02
7.218471999999999866e+01 3.745536422729492188e+01 -3.496782302856445312e+00 1.493745803833007812e+01 5.840958952903747559e-01 -1.132200565189123154e-02 8.104855418205261230e-01 4.262637719511985779e-02
7.239408000000000243e+01 3.756092071533203125e+01 -3.507537364959716797e+00 1.497256088256835938e+01 5.831036567687988281e-01 -1.085363328456878662e-02 8.111858367919921875e-01 4.301032796502113342e-02
7.260151000000000465e+01 3.766234588623046875e+01 -3.518292903900146484e+00 1.500698280334472656e+01 5.821344256401062012e-01 -1.160750631242990494e-02 8.118880987167358398e-01 4.269170016050338745e-02
7.280481000000000336e+01 3.776021575927734375e+01 -3.528251647949218750e+00 1.504018020629882812e+01 5.813062787055969238e-01 -1.175636798143386841e-02 8.124853968620300293e-01 4.257240518927574158e-02
7.301157000000000608e+01 3.785472488403320312e+01 -3.538194656372070312e+00 1.507260322570800781e+01 5.807133913040161133e-01 -1.212993171066045761e-02 8.129819035530090332e-01 4.105308279395103455e-02
7.321819999999999595e+01 3.794513320922851562e+01 -3.547528982162475586e+00 1.510404014587402344e+01 5.801336765289306641e-01 -1.152765564620494843e-02 8.134253621101379395e-01 4.063687101006507874e-02
7.342508999999999730e+01 3.803211212158203125e+01 -3.556805610656738281e+00 1.513406562805175781e+01 5.795437097549438477e-01 -1.305249426513910294e-02 8.137477040290832520e-01 4.211233183741569519e-02
7.363280000000000314e+01 3.811436843872070312e+01 -3.565650939941406250e+00 1.516345214843750000e+01 5.789081454277038574e-01 -1.508279517292976379e-02 8.140932321548461914e-01 4.347576200962066650e-02
7.383862999999999488e+01 3.819422912597656250e+01 -3.574049472808837891e+00 1.519029617309570312e+01 5.782282948493957520e-01 -1.432549115270376205e-02 8.145129680633544922e-01 4.489437863230705261e-02
7.404537999999999442e+01 3.826934814453125000e+01 -3.582649946212768555e+00 1.521684837341308594e+01 5.790492892265319824e-01 -1.403625216335058212e-02 8.140344619750976562e-01 4.304566979408264160e-02
7.425233000000000061e+01 3.834016036987304688e+01 -3.590613126754760742e+00 1.524123382568359375e+01 5.801585912704467773e-01 -1.362485345453023911e-02 8.132926821708679199e-01 4.225343838334083557e-02
7.445910000000000650e+01 3.840686798095703125e+01 -3.597775697708129883e+00 1.526393127441406250e+01 5.810921192169189453e-01 -1.328957546502351761e-02 8.126534819602966309e-01 4.183043912053108215e-02
7.466589000000000453e+01 3.846977233886718750e+01 -3.604349851608276367e+00 1.528500556945800781e+01 5.819789767265319824e-01 -1.252152211964130402e-02 8.120525479316711426e-01 4.140631482005119324e-02
7.487279999999999802e+01 3.852869033813476562e+01 -3.610712051391601562e+00 1.530462837219238281e+01 5.828395485877990723e-01 -1.217923779040575027e-02 8.114635348320007324e-01 4.094630107283592224e-02
7.507950999999999908e+01 3.858375549316406250e+01 -3.616294622421264648e+00 1.532362556457519531e+01 5.837249159812927246e-01 -1.313281711190938950e-02 8.108657002449035645e-01 3.986971825361251831e-02
7.528627000000000180e+01 3.863545989990234375e+01 -3.621600151062011719e+00 1.534029769897460938e+01 5.846007466316223145e-01 -1.279541198164224625e-02 8.101994991302490234e-01 4.068360105156898499e-02
7.549290000000000589e+01 3.868563842773437500e+01 -3.626506805419921875e+00 1.535663414001464844e+01 5.850586295127868652e-01 -1.303780823945999146e-02 8.098136186599731445e-01 4.169398546218872070e-02
7.569968000000000075e+01 3.873447418212890625e+01 -3.631377696990966797e+00 1.537297821044921875e+01 5.849735140800476074e-01 -1.313094608485698700e-02 8.099172711372375488e-01 4.083693772554397583e-02
7.590626000000000317e+01 3.878122711181640625e+01 -3.636127710342407227e+00 1.538895034790039062e+01 5.841004848480224609e-01 -1.380352023988962173e-02 8.105843067169189453e-01 3.986449539661407471e-02
7.611293000000000575e+01 3.882807159423828125e+01 -3.640754938125610352e+00 1.540532112121582031e+01 5.821977257728576660e-01 -1.440341584384441376e-02 8.119679689407348633e-01 3.932479768991470337e-02
7.631950999999999397e+01 3.887526702880859375e+01 -3.645305633544921875e+00 1.542212486267089844e+01 5.779814720153808594e-01 -1.422432716935873032e-02 8.149574398994445801e-01 3.974186256527900696e-02
7.652671999999999741e+01 3.892281341552734375e+01 -3.650254011154174805e+00 1.544045448303222656e+01 5.705567598342895508e-01 -1.555007975548505783e-02 8.201539516448974609e-01 3.963227197527885437e-02
7.673232000000000141e+01 3.897137832641601562e+01 -3.655394077301025391e+00 1.546092605590820312e+01 5.606895685195922852e-01 -1.617113873362541199e-02 8.268873095512390137e-01 4.028895124793052673e-02
7.693890000000000384e+01 3.902064132690429688e+01 -3.660435199737548828e+00 1.548425102233886719e+01 5.470305085182189941e-01 -1.824223436415195465e-02 8.359689116477966309e-01 3.976024687290191650e-02
7.714494000000000540e+01 3.907030487060546875e+01 -3.665904998779296875e+00 1.551012992858886719e+01 5.299913287162780762e-01 -2.085939422249794006e-02 8.468033671379089355e-01 3.997805714607238770e-02
7.735138999999999498e+01 3.911809539794921875e+01 -3.671828269958496094e+00 1.553778076171875000e+01 5.114212632179260254e-01 -2.255192957818508148e-02 8.580219745635986328e-01 4.168993234634399414e-02
7.755791999999999575e+01 3.916341400146484375e+01 -3.677440881729125977e+00 1.556796836853027344e+01 4.947091639041900635e-01 -2.784456871449947357e-02 8.676517009735107422e-01 4.084116220474243164e-02
7.776493000000000677e+01 3.920704269409179688e+01 -3.682708740234375000e+00 1.559654617309570312e+01 4.920373558998107910e-01 -3.237639367580413818e-02 8.690545558929443359e-01 3.993972763419151306e-02
7.797218999999999767e+01 3.924981307983398438e+01 -3.688102006912231445e+00 1.562123680114746094e+01 4.990971088409423828e-01 -3.310672938823699951e-02 8.649992346763610840e-01 3.977812454104423523e-02
7.817942999999999643e+01 3.929221343994140625e+01 -3.693288326263427734e+00 1.564186286926269531e+01 5.130760669708251953e-01 -3.069100901484489441e-02 8.567738533020019531e-01 4.182955995202064514e-02
7.838678000000000168e+01 3.933435058593750000e+01 -3.698678970336914062e+00 1.565936088562011719e+01 5.314654111862182617e-01 -2.777760103344917297e-02 8.455088138580322266e-01 4.344965890049934387e-02
7.859391999999999712e+01 3.937776947021484375e+01 -3.703867435455322266e+00 1.567541122436523438e+01 5.508555173873901367e-01 -2.718620747327804565e-02 8.330422043800354004e-01 4.312565922737121582e-02
7.880095000000000027e+01 3.942416763305664062e+01 -3.709280490875244141e+00 1.569021224975585938e+01 5.683346390724182129e-01 -2.469723857939243317e-02 8.212490081787109375e-01 4.399821534752845764e-02
7.900771000000000299e+01 3.947126388549804688e+01 -3.715392112731933594e+00 1.570315742492675781e+01 5.823590755462646484e-01 -2.134091593325138092e-02 8.113480210304260254e-01 4.601065069437026978e-02
7.921493999999999858e+01 3.951758956909179688e+01 -3.720659732818603516e+00 1.571626853942871094e+01 5.925787091255187988e-01 -2.050646953284740448e-02 8.039979338645935059e-01 4.491378366947174072e-02
7.942199999999999704e+01 3.956223297119140625e+01 -3.725555181503295898e+00 1.572820663452148438e+01 5.993785262107849121e-01 -1.821077801287174225e-02 7.990450859069824219e-01 4.405441880226135254e-02
7.963188999999999851e+01 3.960522842407226562e+01 -3.730242729187011719e+00 1.574012565612792969e+01 5.992074012756347656e-01 -1.802530698478221893e-02 7.991377711296081543e-01 4.477098584175109863e-02
7.983366999999999791e+01 3.964324569702148438e+01 -3.734460592269897461e+00 1.575221061706542969e+01 5.924125313758850098e-01 -1.623501628637313843e-02 8.041887283325195312e-01 4.543467238545417786e-02
8.004483000000000459e+01 3.967718505859375000e+01 -3.738246202468872070e+00 1.576606750488281250e+01 5.815626382827758789e-01 -1.895181648433208466e-02 8.121153116226196289e-01 4.352553561329841614e-02
8.024594999999999345e+01 3.970731353759765625e+01 -3.742395877838134766e+00 1.578021430969238281e+01 5.693938732147216797e-01 -2.246214449405670166e-02 8.207176327705383301e-01 4.133548960089683533e-02
8.045368999999999460e+01 3.973352813720703125e+01 -3.745403766632080078e+00 1.579318237304687500e+01 5.563462376594543457e-01 -2.153351530432701111e-02 8.297123312950134277e-01 3.990969806909561157e-02
8.065843999999999880e+01 3.975575637817382812e+01 -3.748458147048950195e+00 1.580307006835937500e+01 5.419000983238220215e-01 -1.796716451644897461e-02 8.388764858245849609e-01 4.803925007581710815e-02
8.086495999999999640e+01 3.977431106567382812e+01 -3.750841617584228516e+00 1.581621360778808594e+01 5.280980467796325684e-01 -2.242046408355236053e-02 8.476513624191284180e-01 4.579295963048934937e-02
8.107166999999999746e+01 3.979122924804687500e+01 -3.752687215805053711e+00 1.582871055603027344e+01 5.152533054351806641e-01 -2.502322196960449219e-02 8.556416630744934082e-01 4.201477393507957458e-02
8.127809999999999491e+01 3.980653381347656250e+01 -3.754539966583251953e+00 1.583946609497070312e+01 5.035278797149658203e-01 -2.497411519289016724e-02 8.626251220703125000e-01 4.139859229326248169e-02
8.148488000000000397e+01 3.982023239135742188e+01 -3.756022691726684570e+00 1.584966468811035156e+01 4.925575256347656250e-01 -2.466925233602523804e-02 8.689585924148559570e-01 4.110363125801086426e-02
8.169163000000000352e+01 3.983243560791015625e+01 -3.757528066635131836e+00 1.585931015014648438e+01 4.839065968990325928e-01 -2.474549040198326111e-02 8.738638162612915039e-01 3.980173543095588684e-02
8.190022000000000446e+01 3.983984375000000000e+01 -3.759338617324829102e+00 1.586859321594238281e+01 4.751426577568054199e-01 -3.253394737839698792e-02 8.785103559494018555e-01 3.742525354027748108e-02
8.210697999999999297e+01 3.984681701660156250e+01 -3.760480403900146484e+00 1.587582778930664062e+01 4.692702293395996094e-01 -3.555504977703094482e-02 8.815836906433105469e-01 3.649035841226577759e-02
8.231203999999999610e+01 3.985517883300781250e+01 -3.761210203170776367e+00 1.588105010986328125e+01 4.633063673973083496e-01 -3.017239086329936981e-02 8.849353194236755371e-01 3.641863167285919189e-02
8.251883999999999730e+01 3.986117935180664062e+01 -3.761987447738647461e+00 1.588701248168945312e+01 4.584242999553680420e-01 -3.107174299657344818e-02 8.875110149383544922e-01 3.472749516367912292e-02
