0.000000000000000000e+00 -5.551114999999999755e-17 -3.330669000000000223e-16 2.220445999999999902e-16 0.000000000000000000e+00 0.000000000000000000e+00 0.000000000000000000e+00 1.000000000000000000e+00
2.071056000000000008e-01 -1.699528999999999970e-02 -3.304158000000000095e-02 1.924884999999999957e+00 2.612382751680777417e-03 1.062822518843828520e-03 6.947614515842349698e-04 9.999957815766913338e-01
4.136209000000000136e-01 -4.462738000000000121e-02 -9.503620999999999597e-02 3.848311999999999955e+00 -2.771631476780599037e-03 7.195304555075830591e-04 2.187149270023342005e-03 9.999935083354044574e-01
6.203887000000000151e-01 -6.458548999999999540e-02 -1.448705000000000132e-01 5.738958000000000226e+00 -8.069681282525954227e-04 -4.917928645047236775e-04 5.771106446094157946e-03 9.999829004901066298e-01
8.272106999999999655e-01 -8.936428999999999900e-02 -1.678813999999999862e-01 7.606156999999999613e+00 1.050335877405975246e-03 -1.304149125689462200e-03 5.740037896992429035e-03 9.999821238174927407e-01
1.034070000000000045e+00 -1.141317000000000026e-01 -1.865847999999999951e-01 9.465868000000000393e+00 -1.570923277441052882e-03 -2.118048340884436109e-03 5.376564073756047620e-03 9.999820691542639084e-01
1.244258000000000086e+00 -1.421945000000000014e-01 -1.997184999999999933e-01 1.133952000000000027e+01 -2.560428498627945800e-03 -2.918119897726115936e-03 6.239131109902467526e-03 9.999730006480972433e-01
1.447567999999999966e+00 -1.693122999999999989e-01 -2.354857999999999951e-01 1.313325000000000031e+01 -1.721504962019776994e-03 -3.739442027363177202e-03 6.442808530509722478e-03 9.999707711789522779e-01
1.654520999999999908e+00 -1.992846000000000062e-01 -2.760574000000000083e-01 1.494552000000000014e+01 1.307559889089730923e-05 -5.260302276940598612e-03 7.343724771535054853e-03 9.999591985453525345e-01
1.861353000000000035e+00 -2.367130000000000067e-01 -2.933609999999999829e-01 1.674308999999999870e+01 7.402399850007587582e-04 -6.823535747470692477e-03 6.515954485264379044e-03 9.999552158680976577e-01
2.068236000000000185e+00 -2.730778999999999845e-01 -3.044054999999999955e-01 1.852683999999999997e+01 2.880640769765486554e-04 -8.461434175963133270e-03 6.066211677926400085e-03 9.999457596423177996e-01
2.275131000000000014e+00 -3.146033999999999775e-01 -3.236881999999999815e-01 2.029477999999999938e+01 -5.753276841528887900e-04 -9.876766998405684880e-03 5.667481064224147956e-03 9.999349969523524395e-01
2.482009999999999827e+00 -3.517749000000000015e-01 -3.205088999999999855e-01 2.203792999999999935e+01 -2.391939215759916108e-04 -1.154353008019275498e-02 6.347213871810317501e-03 9.999131975204750278e-01
2.689023000000000163e+00 -3.933684000000000069e-01 -3.159266000000000019e-01 2.375772999999999868e+01 -1.451702292733291410e-03 -1.257456223985629548e-02 6.202491431163708983e-03 9.999006460868876678e-01
2.896138999999999797e+00 -4.280327999999999911e-01 -3.057383000000000184e-01 2.544218000000000046e+01 -3.566322290836882597e-03 -1.331531066557870881e-02 6.686622395689264912e-03 9.998826295761589211e-01
3.103544999999999998e+00 -4.690773999999999777e-01 -2.930490000000000039e-01 2.708036999999999850e+01 -1.584260672152020119e-03 -1.408916819430879042e-02 5.737958632618563905e-03 9.998830238025074868e-01
3.310077999999999854e+00 -5.147234000000000531e-01 -2.982767000000000057e-01 2.866957000000000022e+01 -5.458218449025739475e-04 -1.495397773420111508e-02 5.110926704494781966e-03 9.998749717122937808e-01
3.517075999999999869e+00 -5.610502000000000544e-01 -3.024561000000000055e-01 3.022664999999999935e+01 -3.692020368905580115e-05 -1.659472291608867292e-02 5.061374453139500310e-03 9.998494868213325670e-01
3.724673999999999818e+00 -6.098826999999999998e-01 -2.849459999999999771e-01 3.175330999999999904e+01 -4.204937518469602058e-04 -1.854649459915963874e-02 5.235968209472878845e-03 9.998142004192566157e-01
3.931240999999999985e+00 -6.694970000000000088e-01 -2.913155000000000050e-01 3.323490000000000322e+01 -2.374730149198738677e-03 -2.044025108991508535e-02 4.887859499688274739e-03 9.997763077917034558e-01
4.142151000000000138e+00 -7.475971999999999618e-01 -3.011808999999999736e-01 3.470353000000000065e+01 -2.034778179530199842e-03 -2.232556600769643532e-02 2.831369301819039626e-03 9.997446734682178260e-01
4.345965999999999774e+00 -8.225010999999999850e-01 -2.935001999999999889e-01 3.608572999999999809e+01 -2.314726528450041995e-03 -2.396280920850412874e-02 1.857170013621637023e-03 9.997084458658310746e-01
4.552519000000000204e+00 -8.979840999999999518e-01 -2.829222000000000126e-01 3.744921000000000078e+01 -3.426704162647100683e-03 -2.445527661638665848e-02 -2.192461798593502674e-04 9.996950280337051353e-01
4.760815000000000019e+00 -9.662439999999999918e-01 -2.643951999999999969e-01 3.876355000000000217e+01 -6.597458003756238431e-04 -2.303346002346122814e-02 -2.661581654926663352e-03 9.997309340207096717e-01
4.966823999999999906e+00 -1.022966999999999960e+00 -2.546908999999999978e-01 4.003748000000000218e+01 -9.971484145308402377e-05 -2.042866556549677304e-02 -3.462778511335441126e-03 9.997853113769699096e-01
5.174267999999999645e+00 -1.082778999999999936e+00 -2.559992999999999852e-01 4.129211000000000098e+01 -3.505233776009953305e-03 -1.676824818919388574e-02 -8.150712003941318687e-03 9.998200363478768615e-01
5.381141999999999648e+00 -1.127463000000000104e+00 -2.504927000000000126e-01 4.247569000000000017e+01 -3.968402911270628615e-03 -1.193441143151365708e-02 -1.246458974964313217e-02 9.998432155115573039e-01
5.588095000000000034e+00 -1.156522999999999968e+00 -2.461264999999999981e-01 4.359239000000000175e+01 -5.750153670805962895e-03 -5.701557448331304699e-03 -1.683231039137508475e-02 9.998255354322140853e-01
5.795223000000000013e+00 -1.165310999999999986e+00 -2.460311000000000026e-01 4.462704999999999700e+01 -5.744659409525854250e-03 1.514357880136536815e-03 -2.026716142201693757e-02 9.997769490123150637e-01
6.002373000000000403e+00 -1.162118999999999902e+00 -2.348502000000000089e-01 4.557446999999999804e+01 -4.201286910857156449e-03 9.165642057769490467e-03 -2.470839055495588354e-02 9.996438543952271827e-01
6.209506000000000192e+00 -1.139704000000000050e+00 -2.380300999999999945e-01 4.643562000000000012e+01 -2.931817905529252467e-03 1.715811696904120595e-02 -2.582064079772509319e-02 9.995150313900438288e-01
6.416515999999999664e+00 -1.098157999999999967e+00 -2.391746999999999901e-01 4.720456000000000074e+01 -4.250485547753833637e-03 2.507792286788423572e-02 -2.649453342910184153e-02 9.993253078230406317e-01
6.623721999999999888e+00 -1.059487000000000068e+00 -2.404154000000000013e-01 4.787839999999999918e+01 -4.339652876177239535e-03 3.388650522496779172e-02 -3.059073794732764320e-02 9.989479860975695180e-01
6.830809000000000353e+00 -1.006262999999999908e+00 -2.532706000000000124e-01 4.845087999999999795e+01 -4.936045138822249718e-03 4.307836911241545719e-02 -3.218118618872899822e-02 9.985410661702842638e-01
7.038066999999999851e+00 -9.369556999999999469e-01 -2.675892999999999744e-01 4.897558999999999685e+01 -1.860370293386352835e-03 5.454168005162624705e-02 -3.092368487324640910e-02 9.980307960545994339e-01
7.245330000000000048e+00 -8.567415000000000447e-01 -2.805679999999999841e-01 4.948707999999999885e+01 7.471807162967577598e-04 6.912159910475153268e-02 -3.220040571566297471e-02 9.970881506315905085e-01
7.452592000000000105e+00 -7.577116999999999880e-01 -2.915713999999999806e-01 4.998615000000000208e+01 1.381462357766645921e-03 8.589074674898183881e-02 -3.336918379701626913e-02 9.957446302930170745e-01
7.663357000000000419e+00 -6.296551000000000231e-01 -3.022908000000000261e-01 5.047733000000000203e+01 1.658704094644952460e-03 1.052488808449561219e-01 -3.253951859516727996e-02 9.939120189992701748e-01
7.866988000000000092e+00 -4.889210999999999974e-01 -3.117061999999999888e-01 5.094530000000000314e+01 2.719724539408728808e-03 1.261105938654883962e-01 -3.375060986544557717e-02 9.914381561887933847e-01
8.074249999999999261e+00 -3.172191999999999790e-01 -3.255041000000000184e-01 5.142020000000000124e+01 3.374263598197269672e-03 1.504597315629030152e-01 -3.500450477192103282e-02 9.879904696751187210e-01
8.283920999999999424e+00 -1.147139999999999965e-01 -3.439536999999999733e-01 5.190075000000000216e+01 3.032622199304264073e-03 1.784979341919692708e-01 -3.784239264803501007e-02 9.832076301628600579e-01
8.488778999999999186e+00 1.309526000000000023e-01 -3.642720999999999876e-01 5.235594999999999999e+01 3.808232965384913005e-03 2.093361815865824593e-01 -3.719230816265033102e-02 9.771287492720521772e-01
8.696028999999999343e+00 4.279778000000000193e-01 -3.824345000000000105e-01 5.280031000000000319e+01 6.841284746723774388e-03 2.453419143824027704e-01 -3.514577613315308241e-02 9.687751629197507430e-01
8.903911000000000797e+00 7.701078999999999564e-01 -4.025972999999999913e-01 5.324410999999999916e+01 1.031738611209358225e-02 2.845321246121565451e-01 -3.644180679988422156e-02 9.579180634713315712e-01
9.110580000000000567e+00 1.172293000000000029e+00 -4.302534000000000081e-01 5.369476999999999833e+01 1.128062601938038118e-02 3.268215724116684262e-01 -4.006474139075771185e-02 9.441690652527580108e-01
9.317831999999999226e+00 1.658261999999999903e+00 -4.647130999999999901e-01 5.415343000000000018e+01 1.159125330608678540e-02 3.717455219833276092e-01 -4.311609231775223594e-02 9.272604339210124280e-01
9.525112000000000023e+00 2.269728999999999886e+00 -4.777691000000000021e-01 5.458518999999999721e+01 1.186682261283253381e-02 4.196019859483910985e-01 -4.140060464834140197e-02 9.066859113518824786e-01
9.732383999999999702e+00 2.973762999999999934e+00 -4.792757999999999741e-01 5.498382999999999754e+01 1.349357068031001479e-02 4.693031137854870583e-01 -4.085095338071207532e-02 8.819884979688957793e-01
9.939685000000000770e+00 3.766144999999999854e+00 -4.913920999999999983e-01 5.533541000000000309e+01 1.295753586165904019e-02 5.182918951335749869e-01 -3.993888577387941230e-02 8.541724059616898623e-01
1.014677000000000007e+01 4.641416000000000430e+00 -5.396176999999999779e-01 5.561845000000000283e+01 9.659895918580775620e-03 5.642665499790815442e-01 -4.166833970094156042e-02 8.244838970241401555e-01
1.035366999999999926e+01 5.585536000000000278e+00 -5.957734999999999559e-01 5.580227000000000004e+01 1.317094495006790843e-02 6.056037208766453794e-01 -3.791881228988498720e-02 7.947533096150076748e-01
1.056298999999999921e+01 6.612371999999999694e+00 -6.532413999999999721e-01 5.590279999999999916e+01 1.856866572957803843e-02 6.407768029008549249e-01 -2.973096958583753072e-02 7.669265694736807637e-01
1.076704999999999934e+01 7.658630999999999744e+00 -7.242889999999999606e-01 5.595412999999999926e+01 2.366735447234463371e-02 6.674726943707981475e-01 -2.719116528653050396e-02 7.437611842063471812e-01
1.097342000000000084e+01 8.774943999999999633e+00 -8.137507999999999964e-01 5.597751000000000232e+01 2.645623068397036717e-02 6.874757906773029115e-01 -2.184880885077587417e-02 7.253962604276480430e-01
1.118018999999999963e+01 9.933246000000000464e+00 -9.020616000000000190e-01 5.598181999999999903e+01 2.977706926659450665e-02 7.001648322120593848e-01 -1.990053087079192082e-02 7.130823954848494184e-01
1.138589999999999947e+01 1.113753999999999955e+01 -9.965386999999999995e-01 5.597899999999999920e+01 2.983455957589493598e-02 7.090135562078444531e-01 -1.987230235211760732e-02 7.042831587988197528e-01
1.159254999999999924e+01 1.238275999999999932e+01 -1.117194000000000020e+00 5.592954000000000292e+01 3.477112611951928972e-02 7.143289563138507381e-01 -1.858611224118907751e-02 6.986985525902449368e-01
1.179949000000000048e+01 1.367308000000000057e+01 -1.217524000000000051e+00 5.588329999999999842e+01 3.272325369267706924e-02 7.172977731392283784e-01 -1.826002355842543806e-02 6.957583379715363003e-01
1.200482000000000049e+01 1.501321000000000083e+01 -1.317428999999999961e+00 5.582148999999999717e+01 2.770707239058882096e-02 7.187490031787088229e-01 -1.377584021460373856e-02 6.945807474984726504e-01
1.221119000000000021e+01 1.638718000000000075e+01 -1.417060999999999904e+00 5.574074000000000240e+01 2.980463838982224181e-02 7.188344945591070845e-01 -1.178765761849405631e-02 6.944420091629501801e-01
1.241765000000000008e+01 1.778472000000000008e+01 -1.502437000000000022e+00 5.567210000000000036e+01 3.603321015382068143e-02 7.177416124242794737e-01 -1.683161903991821709e-02 6.951728433714174926e-01
1.262454999999999927e+01 1.924155000000000015e+01 -1.593908000000000103e+00 5.561502999999999730e+01 3.496313868623956989e-02 7.163046462534822245e-01 -1.542585407126665503e-02 6.967404651052301334e-01
1.283073000000000086e+01 2.071281000000000105e+01 -1.696725000000000039e+00 5.556904000000000110e+01 3.119152561201448196e-02 7.145596271516647668e-01 -1.339580185916089232e-02 6.987504421947932087e-01
1.303771000000000058e+01 2.216713999999999984e+01 -1.787932000000000077e+00 5.551010999999999740e+01 3.871619003252762398e-02 7.121378037238815795e-01 -1.369942460489352413e-02 7.008374497001330639e-01
1.324421000000000070e+01 2.363215999999999894e+01 -1.895774999999999988e+00 5.550164000000000186e+01 3.441559580506033111e-02 7.101948199755415692e-01 -1.657359117974045726e-02 7.029681362058296523e-01
1.345276999999999923e+01 2.511164000000000129e+01 -2.008471000000000117e+00 5.546361999999999881e+01 3.651143050358654496e-02 7.074411773462349062e-01 -1.236673849291764805e-02 7.057201710427458696e-01
1.365795999999999921e+01 2.656805999999999912e+01 -2.113697000000000159e+00 5.547261999999999915e+01 3.710344106622468635e-02 7.050460768849909909e-01 -1.563622659516427510e-02 7.080175651408608939e-01
1.386467000000000027e+01 2.804412999999999911e+01 -2.226545999999999914e+00 5.549768000000000256e+01 3.701809058258932750e-02 7.023479710900075723e-01 -1.300444691718314304e-02 7.107516252783019350e-01
1.407164000000000037e+01 2.951231999999999900e+01 -2.343893000000000004e+00 5.552232000000000056e+01 4.008171032239672693e-02 6.996626834233878878e-01 -1.064213133075366663e-02 7.132687648868092367e-01
1.427860000000000085e+01 3.098558999999999841e+01 -2.445221999999999785e+00 5.554858999999999725e+01 4.054365961812164687e-02 6.974267822232774749e-01 -9.675651295082628861e-03 7.154428536748903555e-01
1.448550000000000004e+01 3.246495000000000175e+01 -2.537443000000000115e+00 5.558465999999999951e+01 4.062437428081316221e-02 6.950754723027194881e-01 -9.324394115269016292e-03 7.177275274725268828e-01
1.469244999999999912e+01 3.395100999999999658e+01 -2.620601000000000180e+00 5.563974999999999937e+01 4.094313240519376756e-02 6.929256634565008621e-01 -1.014960260539787308e-02 7.197740412095809948e-01
1.489949000000000012e+01 3.544252000000000180e+01 -2.711892999999999887e+00 5.570929999999999893e+01 3.985468963947677579e-02 6.911724811426686044e-01 -1.158822323464940053e-02 7.214969979889677143e-01
1.510640000000000072e+01 3.695092999999999961e+01 -2.812393000000000143e+00 5.578703999999999752e+01 3.874873204063414983e-02 6.887836333122105970e-01 -1.384674444569751472e-02 7.237982522186197087e-01
1.531335999999999942e+01 3.846574999999999989e+01 -2.922991999999999813e+00 5.586854999999999905e+01 4.045456597310718300e-02 6.863395106120078193e-01 -1.621895081114598305e-02 7.259741385885463139e-01
1.552022000000000013e+01 4.000220000000000198e+01 -3.024315000000000087e+00 5.597630999999999801e+01 3.758450229323272856e-02 6.841860524054254045e-01 -2.000586810842348851e-02 7.280636071954695865e-01
1.572719999999999985e+01 4.155550000000000210e+01 -3.135918999999999901e+00 5.607788000000000039e+01 3.884925460742718467e-02 6.813642366561591945e-01 -1.989044350335054251e-02 7.306421030023234620e-01
1.593425000000000047e+01 4.313031000000000148e+01 -3.244326000000000043e+00 5.620333000000000112e+01 3.719062366867973563e-02 6.785162639854704913e-01 -2.144998940012314906e-02 7.333296905028924284e-01
1.614091000000000165e+01 4.471372000000000213e+01 -3.352539000000000158e+00 5.634391000000000105e+01 3.719045968130479940e-02 6.748116832228160389e-01 -2.358337919624136844e-02 7.366748849529007881e-01
1.634827999999999903e+01 4.630756000000000228e+01 -3.461240999999999790e+00 5.650809999999999889e+01 4.129422371633813954e-02 6.695506657072437529e-01 -2.918660608923490801e-02 7.410430724078345133e-01
1.655444999999999922e+01 4.791411000000000087e+01 -3.592468000000000217e+00 5.670662999999999698e+01 3.870255565793897373e-02 6.641486354395553793e-01 -3.172049150079353508e-02 7.459239322131104855e-01
1.676139999999999830e+01 4.954068000000000183e+01 -3.727641999999999900e+00 5.692161999999999722e+01 3.703348697735570766e-02 6.586123357717280635e-01 -3.002825851917011180e-02 7.509704492867292913e-01
1.696808000000000050e+01 5.116787999999999670e+01 -3.850124000000000102e+00 5.716787000000000063e+01 3.072993555594037002e-02 6.531816478087703048e-01 -2.702753189270440740e-02 7.560945169397381704e-01
1.717558000000000007e+01 5.277378999999999820e+01 -3.968024999999999913e+00 5.742490000000000094e+01 3.061680571876965531e-02 6.475319713410039313e-01 -2.674788210499360469e-02 7.609530262123345157e-01
1.738334000000000046e+01 5.434317999999999671e+01 -4.082523000000000124e+00 5.769850999999999885e+01 3.453223695971627955e-02 6.431594772431087348e-01 -3.027360997551151872e-02 7.643539232462798205e-01
1.758887000000000000e+01 5.587053000000000225e+01 -4.204409000000000063e+00 5.797950000000000159e+01 3.389222534949086485e-02 6.391385800237291415e-01 -3.203148846027299712e-02 7.676764789500390984e-01
1.779578000000000060e+01 5.738911000000000229e+01 -4.318313999999999986e+00 5.826250999999999891e+01 3.224746080753191496e-02 6.354861133738811674e-01 -2.734871731683811633e-02 7.709536617991699092e-01
1.800309000000000026e+01 5.887601000000000084e+01 -4.420802000000000120e+00 5.856727000000000061e+01 2.614873287443249261e-02 6.331536093455440994e-01 -2.580715919711494208e-02 7.731537630225606694e-01
1.820979000000000170e+01 6.031244999999999834e+01 -4.516371999999999609e+00 5.886608999999999980e+01 2.584722007449876888e-02 6.309750852461484261e-01 -2.782170521223763585e-02 7.748730965339545307e-01
1.841719000000000150e+01 6.170436000000000121e+01 -4.614786999999999750e+00 5.917237999999999687e+01 2.701684908582388175e-02 6.294698859103082800e-01 -3.241005950703945704e-02 7.758784316117361968e-01
1.862396999999999991e+01 6.305592999999999648e+01 -4.706379000000000090e+00 5.946842999999999790e+01 2.981966670199158800e-02 6.279162940604988696e-01 -3.465238338590834882e-02 7.769370164027372683e-01
1.883095000000000141e+01 6.438160000000000593e+01 -4.814707000000000292e+00 5.976019000000000148e+01 2.772826294991862645e-02 6.272206898910699380e-01 -3.436864684603107428e-02 7.775886738631960782e-01
1.903802999999999912e+01 6.567175000000000296e+01 -4.913384999999999891e+00 6.003522000000000247e+01 2.651004498739118267e-02 6.272040030654290055e-01 -3.290274644973278234e-02 7.777080206154054487e-01
1.924549999999999983e+01 6.692207999999999402e+01 -5.018318999999999974e+00 6.029836000000000240e+01 2.596718078310979519e-02 6.284910414791008426e-01 -3.332823375162145135e-02 7.766684911451534612e-01
1.945211000000000112e+01 6.812018000000000484e+01 -5.130339000000000205e+00 6.055436000000000263e+01 2.891588823248086859e-02 6.302240686150628601e-01 -3.540001647232068199e-02 7.750666639585029882e-01
1.966007000000000104e+01 6.930307000000000528e+01 -5.231855000000000366e+00 6.080308999999999742e+01 2.925703919740425818e-02 6.318183369532913707e-01 -3.477066862464193997e-02 7.737833129180119451e-01
1.986698000000000164e+01 7.044995000000000118e+01 -5.342757999999999896e+00 6.103300000000000125e+01 2.631173381093266511e-02 6.337798849936411294e-01 -3.250309074041989738e-02 7.723822234707566903e-01
2.007335000000000136e+01 7.154537999999999442e+01 -5.440827999999999776e+00 6.124381999999999948e+01 2.952485623324219502e-02 6.352767442472732062e-01 -3.052040759521126856e-02 7.711162336530160699e-01
2.028031000000000006e+01 7.262287000000000603e+01 -5.532216000000000022e+00 6.145078000000000173e+01 3.234288060664652215e-02 6.368349842264504623e-01 -3.094820574103421609e-02 7.696995189687796390e-01
2.048763999999999896e+01 7.370113999999999521e+01 -5.630169999999999675e+00 6.165700999999999965e+01 3.307475158444576901e-02 6.378040505223124823e-01 -3.061452625898625560e-02 7.688789272225479143e-01
2.069425000000000026e+01 7.478758999999999446e+01 -5.720799999999999663e+00 6.184177999999999997e+01 3.649078641454634592e-02 6.366541129044307468e-01 -2.598462628982128528e-02 7.698472330438674849e-01
2.090208000000000155e+01 7.588674000000000319e+01 -5.817061999999999955e+00 6.205821000000000254e+01 3.576786137322385262e-02 6.345303844208618482e-01 -2.570970908924250301e-02 7.716416669659861283e-01
2.110820000000000007e+01 7.699259999999999593e+01 -5.912287000000000070e+00 6.229135000000000133e+01 3.609078985688739943e-02 6.296495403602385688e-01 -2.528365877348365612e-02 7.756285501518574987e-01
2.131609999999999872e+01 7.812868000000000279e+01 -6.008758000000000266e+00 6.255304999999999893e+01 3.550211061663811202e-02 6.231472422256165711e-01 -2.496158445698597531e-02 7.808995031050853797e-01
2.152429000000000059e+01 7.928502000000000294e+01 -6.107865000000000322e+00 6.284579999999999700e+01 3.344612346326469171e-02 6.154795741025124167e-01 -2.625251244549000468e-02 7.870051183303508058e-01
2.173032999999999859e+01 8.045340000000000202e+01 -6.192815000000000403e+00 6.317985000000000184e+01 3.307908932355854009e-02 6.074952735287202366e-01 -3.056556815005314828e-02 7.930454038284654450e-01
2.193617000000000061e+01 8.165467999999999904e+01 -6.285674000000000206e+00 6.354111000000000331e+01 3.263991457736011015e-02 5.986285843614739255e-01 -3.343819542711980175e-02 7.996626420237081811e-01
2.214191999999999894e+01 8.289508999999999617e+01 -6.371172999999999753e+00 6.394807999999999737e+01 3.209786067109319380e-02 5.900622161532397270e-01 -3.496116701357745993e-02 8.059615531833482782e-01
2.234879000000000104e+01 8.419402999999999793e+01 -6.458457000000000114e+00 6.439981000000000222e+01 2.931362593660709684e-02 5.811848827534930040e-01 -3.425152695931676233e-02 8.125218005039694935e-01
2.255568999999999846e+01 8.553875999999999635e+01 -6.545009000000000299e+00 6.488814000000000703e+01 2.666808426996951017e-02 5.719819407097714858e-01 -2.872573842891663551e-02 8.193291797165325185e-01
2.276248999999999967e+01 8.692745999999999640e+01 -6.605046999999999890e+00 6.542839999999999634e+01 2.679169019365632357e-02 5.637374786717129771e-01 -2.440118598010051001e-02 8.251586772252906821e-01
2.296952999999999889e+01 8.835787000000000546e+01 -6.646335999999999800e+00 6.599340999999999724e+01 2.789815552274776608e-02 5.567628664829098462e-01 -1.561744529703048071e-02 8.300559612619841099e-01
2.317661000000000016e+01 8.979243999999999915e+01 -6.725361000000000367e+00 6.659944000000000131e+01 2.995377523614100104e-02 5.502514166754938207e-01 -1.207968540073746030e-02 8.343741552782742987e-01
2.338466999999999985e+01 9.121810000000000684e+01 -6.813377000000000017e+00 6.722867999999999711e+01 3.839811860507904434e-02 5.433787047597916642e-01 -1.311313000644882300e-02 8.385065375550718736e-01
2.359065000000000012e+01 9.260903999999999314e+01 -6.914272000000000418e+00 6.790371000000000379e+01 3.551040791870865160e-02 5.387757058228753726e-01 -1.726643428391083993e-02 8.415233924209293281e-01
2.379821000000000097e+01 9.396129999999999427e+01 -7.034880000000000244e+00 6.858083000000000595e+01 3.557305432706063530e-02 5.348138776573595488e-01 -2.133118371583605025e-02 8.439512158129902630e-01
2.400458000000000069e+01 9.527545999999999538e+01 -7.183014000000000010e+00 6.924819999999999709e+01 3.621653848705282813e-02 5.311151948523039623e-01 -2.526793824832527721e-02 8.461480623588835126e-01
2.421321000000000012e+01 9.658342000000000382e+01 -7.329267999999999894e+00 6.991298999999999353e+01 3.389974332804790436e-02 5.272693374170448477e-01 -2.366311319615304470e-02 8.486918818369528772e-01
2.442210000000000036e+01 9.784560999999999353e+01 -7.469535999999999731e+00 7.056974999999999909e+01 3.168888107334476983e-02 5.239815167930323980e-01 -2.317286324281135970e-02 8.508244256512164094e-01
2.462530999999999892e+01 9.903309000000000140e+01 -7.592120999999999675e+00 7.119792999999999950e+01 3.265694711646572462e-02 5.210241747042764215e-01 -2.398890899256883244e-02 8.525795361279242535e-01
2.483220000000000027e+01 1.002121999999999957e+02 -7.709738999999999898e+00 7.181620999999999810e+01 3.333358092547208940e-02 5.192544762870492381e-01 -2.195460441608082167e-02 8.536870952424435721e-01
2.503909000000000162e+01 1.013529999999999944e+02 -7.823540000000000383e+00 7.243264999999999532e+01 3.306449832639121039e-02 5.174226861749202655e-01 -2.183575330410999354e-02 8.548120861684141980e-01
2.524596999999999980e+01 1.024446999999999974e+02 -7.943074000000000190e+00 7.303235999999999706e+01 3.495715323754015891e-02 5.146511414737899859e-01 -2.165497683583709337e-02 8.564130206830646852e-01
2.545275000000000176e+01 1.035114999999999981e+02 -8.053689999999999571e+00 7.362090000000000600e+01 3.651822779922564433e-02 5.116470200978932015e-01 -1.941178920060780341e-02 8.581998184009252961e-01
2.565962999999999994e+01 1.045504999999999995e+02 -8.139291999999999305e+00 7.419588000000000250e+01 3.728080901503726119e-02 5.084359428286590044e-01 -1.827853336349662822e-02 8.600982086582881214e-01
2.586653000000000091e+01 1.055639999999999930e+02 -8.223750000000000782e+00 7.476626000000000261e+01 3.809354561497591690e-02 5.050914381418448729e-01 -1.720568313789478179e-02 8.620530641242688530e-01
2.607452999999999932e+01 1.065649999999999977e+02 -8.308372000000000313e+00 7.534310999999999581e+01 3.991705721743052382e-02 5.010025533790822827e-01 -1.712451463411488947e-02 8.643551475228723469e-01
2.628003999999999962e+01 1.075403000000000020e+02 -8.418748000000000786e+00 7.592569000000000301e+01 4.215851031147644506e-02 4.957319671416353102e-01 -2.138980193888311704e-02 8.671879572129774782e-01
2.648695000000000022e+01 1.085079000000000065e+02 -8.530283000000000726e+00 7.653230999999999540e+01 4.411229919644944070e-02 4.893914975590601402e-01 -2.810171466397102386e-02 8.704943198030923313e-01
2.669358000000000075e+01 1.094846000000000004e+02 -8.642338999999999771e+00 7.716092000000000439e+01 4.311427502136935819e-02 4.831350148064254002e-01 -3.149936823889967763e-02 8.739161896646197025e-01
2.690035999999999916e+01 1.104963999999999942e+02 -8.763094999999999857e+00 7.782451000000000363e+01 3.517791973135932920e-02 4.772101466937291869e-01 -3.393595729389146942e-02 8.774288236993761370e-01
2.710725000000000051e+01 1.115366999999999962e+02 -8.867411000000000598e+00 7.851964999999999861e+01 2.883095653357247920e-02 4.708632438769911333e-01 -3.523478698068892301e-02 8.810306982718715263e-01
2.731399000000000044e+01 1.125828999999999951e+02 -8.963221000000000771e+00 7.924678000000000111e+01 2.884039673784316929e-02 4.639053862204465251e-01 -3.957651530377590682e-02 8.845302276282429599e-01
2.752074999999999960e+01 1.136685999999999979e+02 -9.057117999999999114e+00 8.001887999999999579e+01 2.952900085144586836e-02 4.569233806783582486e-01 -4.225145215031788498e-02 8.880111919842937906e-01
2.772768999999999906e+01 1.147933000000000021e+02 -9.158004999999999285e+00 8.084870999999999697e+01 2.648830720289176502e-02 4.497890897284946288e-01 -4.547569393884882266e-02 8.915829213278583243e-01
2.793446000000000140e+01 1.159475999999999942e+02 -9.273702000000000112e+00 8.172925999999999647e+01 2.437363357289710000e-02 4.416564318943487777e-01 -4.420532185386307628e-02 8.957630332139203677e-01
2.814104999999999990e+01 1.171090999999999980e+02 -9.366338000000000719e+00 8.266397000000000617e+01 2.296761609954026812e-02 4.328761849204736389e-01 -4.633703117324641102e-02 8.999686531660143762e-01
2.834803000000000139e+01 1.182985999999999933e+02 -9.457627999999999702e+00 8.365236000000000161e+01 2.294943999383860719e-02 4.242881503714798774e-01 -4.708596597825627506e-02 9.040109515189582723e-01
2.855480999999999980e+01 1.195229999999999961e+02 -9.549903000000000475e+00 8.468520999999999788e+01 2.206457548434745397e-02 4.191354060405829141e-01 -4.594730776300657432e-02 9.064918702455209143e-01
2.876182999999999979e+01 1.207811999999999983e+02 -9.635229999999999961e+00 8.574375999999999465e+01 2.407946952838705204e-02 4.151851309602707651e-01 -4.157637746094531433e-02 9.084673307356512240e-01
2.897069000000000116e+01 1.220849000000000046e+02 -9.728697000000000372e+00 8.685165000000000646e+01 2.484922926460011311e-02 4.112015857508921624e-01 -3.438532516455452409e-02 9.105566545219661023e-01
2.917673999999999879e+01 1.233777000000000044e+02 -9.820354000000000028e+00 8.797821000000000424e+01 2.450289007877320610e-02 4.072652647209242249e-01 -3.083916514499369238e-02 9.124601681294051136e-01
2.938483000000000089e+01 1.246768000000000001e+02 -9.916275000000000617e+00 8.916047000000000367e+01 2.448350175152555486e-02 4.031221190715225111e-01 -3.429352933444692469e-02 9.141756226803771090e-01
2.958937999999999846e+01 1.259635999999999996e+02 -1.001373000000000069e+01 9.035993000000000563e+01 2.077329936492921386e-02 3.995434135578126988e-01 -3.604460717289481586e-02 9.157697947682141848e-01
2.979633000000000109e+01 1.272755999999999972e+02 -1.010087000000000046e+01 9.159686000000000661e+01 1.440716802139559334e-02 3.952963717476450367e-01 -3.438008828484610813e-02 9.177969391549943845e-01
3.000317000000000078e+01 1.285815000000000055e+02 -1.018420000000000059e+01 9.284077999999999520e+01 1.545009525926815605e-02 3.896356761653042566e-01 -3.011030542284545350e-02 9.203470562364117757e-01
3.021162999999999954e+01 1.298788000000000125e+02 -1.028691000000000066e+01 9.410638000000000147e+01 2.575238893594179387e-02 3.828455859867994637e-01 -2.521331288028204332e-02 9.231090729746499468e-01
3.041668999999999912e+01 1.311491000000000042e+02 -1.039963000000000015e+01 9.540322999999999354e+01 2.703509981700992840e-02 3.754170618517137514e-01 -2.266139593844019792e-02 9.261844277370639977e-01
3.062358000000000047e+01 1.324271999999999991e+02 -1.050522999999999918e+01 9.674200000000000443e+01 2.760116389591235619e-02 3.680149666264178610e-01 -1.787006285026063873e-02 9.292383014836803623e-01
3.083033000000000001e+01 1.336846999999999923e+02 -1.060431999999999952e+01 9.810438999999999510e+01 3.164273094149088611e-02 3.623293813727028190e-01 -1.850791501942206790e-02 9.313289505079674901e-01
3.103734999999999999e+01 1.349539000000000044e+02 -1.071551000000000009e+01 9.948856000000000677e+01 2.947689420950141276e-02 3.586009386569304902e-01 -1.451432651718720206e-02 9.329125435044179904e-01
3.124424000000000134e+01 1.362214999999999918e+02 -1.081997999999999927e+01 1.008793000000000006e+02 2.828320352984783903e-02 3.573309747145753112e-01 -1.050111890438931023e-02 9.334904184882544254e-01
3.145126000000000133e+01 1.374842999999999904e+02 -1.091831999999999958e+01 1.022802999999999969e+02 2.685703084738076674e-02 3.572622016427063341e-01 -1.065605386289724711e-02 9.335571046741274470e-01
3.166172999999999860e+01 1.387684000000000140e+02 -1.101806999999999981e+01 1.037008000000000010e+02 2.751489757068703926e-02 3.584903751822520190e-01 -1.389699845336713618e-02 9.330243591393257985e-01
3.186588000000000065e+01 1.400212999999999965e+02 -1.111506999999999934e+01 1.050726999999999975e+02 2.636378288207463436e-02 3.610672101816859159e-01 -1.776187764811450534e-02 9.319978199471149471e-01
3.207410999999999746e+01 1.413095999999999890e+02 -1.121533999999999942e+01 1.064569999999999936e+02 2.488609914820304886e-02 3.643066816519346940e-01 -1.874592739446286419e-02 9.307577095995837047e-01
3.228016999999999825e+01 1.425932999999999993e+02 -1.130940000000000012e+01 1.078055999999999983e+02 2.291179353104774372e-02 3.678860032291343396e-01 -1.672260226560232446e-02 9.294381598141701062e-01
3.248610999999999649e+01 1.438589000000000055e+02 -1.141070000000000029e+01 1.091243999999999943e+02 2.881231709756127898e-02 3.719521196959076903e-01 -2.235336908705051057e-02 9.275353351369683974e-01
3.269467999999999819e+01 1.451537999999999897e+02 -1.152140999999999948e+01 1.104492000000000047e+02 2.748931049686399036e-02 3.765535651926734673e-01 -2.466647729311179441e-02 9.256583145238003185e-01
3.290229000000000070e+01 1.464483999999999924e+02 -1.163357000000000063e+01 1.117540000000000049e+02 2.295721764697383760e-02 3.812644134339331359e-01 -2.527054012676591827e-02 9.238353819856058857e-01
3.310679999999999978e+01 1.477333000000000141e+02 -1.173221000000000025e+01 1.130075999999999965e+02 2.310050514456570003e-02 3.854209257371690733e-01 -2.415316847907133385e-02 9.221354028115346102e-01
3.331472000000000122e+01 1.490521999999999991e+02 -1.183500000000000085e+01 1.142502999999999957e+02 2.664958642673727340e-02 3.895890305188199898e-01 -2.183934190505045989e-02 9.203440823886704925e-01
3.352051999999999765e+01 1.503762999999999863e+02 -1.192783000000000015e+01 1.154384000000000015e+02 2.866944785400707060e-02 3.946365551774159153e-01 -2.141122870290551594e-02 9.181403004785710920e-01
3.372776000000000352e+01 1.517272000000000105e+02 -1.202408999999999928e+01 1.166342000000000070e+02 2.805436799570742989e-02 4.004782285006708298e-01 -2.231623001364557712e-02 9.156047874554305022e-01
3.393464999999999776e+01 1.530860000000000127e+02 -1.212500999999999962e+01 1.178157999999999959e+02 2.931478025209391033e-02 4.076623936531953984e-01 -2.688075556497405982e-02 9.122661023188219920e-01
3.414222999999999786e+01 1.544786000000000001e+02 -1.223831000000000024e+01 1.189893000000000001e+02 3.245604069877296854e-02 4.152021741447445291e-01 -2.962854987316132852e-02 9.086671057323745249e-01
3.434806999999999988e+01 1.559127000000000010e+02 -1.236503000000000085e+01 1.201520000000000010e+02 2.221851242384043079e-02 4.233996832706683477e-01 -2.927628848992757521e-02 9.051971856143965489e-01
3.455508999999999986e+01 1.573838000000000079e+02 -1.247643000000000058e+01 1.212982999999999976e+02 1.793631963684336542e-02 4.319037283443248887e-01 -2.960900455845590432e-02 9.012551052444662814e-01
3.476471000000000089e+01 1.589057999999999993e+02 -1.258374000000000059e+01 1.224321999999999946e+02 2.269831770208652344e-02 4.401989145405285631e-01 -2.820653780791355925e-02 8.971700470009719153e-01
3.496902999999999651e+01 1.604008000000000038e+02 -1.270215999999999923e+01 1.235093999999999994e+02 3.012661701473549197e-02 4.482788973979972003e-01 -2.927864044776682523e-02 8.929060299429126824e-01
3.517678999999999689e+01 1.619637999999999920e+02 -1.285192999999999941e+01 1.245828000000000060e+02 2.759384551990279322e-02 4.563536028271585332e-01 -2.458028023991765468e-02 8.890308086334371973e-01
3.538277000000000072e+01 1.634987000000000137e+02 -1.298725999999999914e+01 1.256019000000000005e+02 2.824337600977632270e-02 4.635609897791003742e-01 -2.364643993387647442e-02 8.852990265131008840e-01
3.558968000000000131e+01 1.650416999999999916e+02 -1.312226000000000070e+01 1.266042000000000058e+02 2.782805908184721178e-02 4.699964224319865824e-01 -2.031301775066410992e-02 8.819956594783969761e-01
3.579654000000000025e+01 1.665531000000000006e+02 -1.323953999999999986e+01 1.275769999999999982e+02 2.498681251590219657e-02 4.750246929565115073e-01 -1.947280704671653512e-02 8.794020753145788127e-01
3.600601000000000340e+01 1.680468999999999937e+02 -1.336429000000000045e+01 1.285270999999999901e+02 2.829599696212864099e-02 4.793632002892840305e-01 -2.132310630029517554e-02 8.769011254993582805e-01
3.621029999999999660e+01 1.694764000000000124e+02 -1.348459000000000074e+01 1.294288999999999987e+02 3.057651406555678131e-02 4.826042464055511072e-01 -2.432899161280796876e-02 8.749664669608960832e-01
3.641707000000000249e+01 1.709121000000000095e+02 -1.361181000000000019e+01 1.303214999999999861e+02 2.517012565094398774e-02 4.853696467009749327e-01 -1.956726179533209084e-02 8.737275851785378800e-01
3.662396999999999991e+01 1.723205000000000098e+02 -1.372813000000000017e+01 1.311750000000000114e+02 2.711948557424138234e-02 4.881266359086385842e-01 -1.490349973261676821e-02 8.722240575187230061e-01
3.683073999999999870e+01 1.736861000000000104e+02 -1.384507999999999939e+01 1.320072999999999865e+02 3.167629938347177321e-02 4.902466227523060160e-01 -1.795709776541568742e-02 8.708228313366447315e-01
3.704037000000000290e+01 1.750349999999999966e+02 -1.396377999999999986e+01 1.328269999999999982e+02 3.763453871214612889e-02 4.923989382994224395e-01 -2.023321366450986716e-02 8.693201620360194726e-01
3.724470000000000169e+01 1.763531999999999869e+02 -1.407864999999999966e+01 1.336307999999999936e+02 2.570034839113741892e-02 4.956143187023528962e-01 -1.873671744075138673e-02 8.679601803131994364e-01
3.745139999999999958e+01 1.776519999999999868e+02 -1.418088999999999977e+01 1.344121000000000095e+02 2.055396722323110312e-02 4.983868223572764933e-01 -2.115030732210107511e-02 8.664529844326139818e-01
3.765814999999999912e+01 1.789313999999999965e+02 -1.426464999999999961e+01 1.351403999999999996e+02 2.508854596343013457e-02 5.007637625349581345e-01 -2.127451899537630836e-02 8.649587353364249775e-01
3.786507000000000289e+01 1.801748000000000047e+02 -1.436322000000000010e+01 1.358637999999999977e+02 2.343936897055107563e-02 5.034745643482589905e-01 -2.117812684006068966e-02 8.634323632920757330e-01
3.807238999999999862e+01 1.813913000000000011e+02 -1.445852000000000004e+01 1.365576000000000079e+02 2.425463065969817728e-02 5.061981210047021840e-01 -2.070072222805895493e-02 8.618275090075205869e-01
3.827881000000000000e+01 1.825811999999999955e+02 -1.454744999999999955e+01 1.372137999999999920e+02 2.632685339323730112e-02 5.101959169000580552e-01 -2.167798058972478237e-02 8.593818059084517014e-01
3.848582999999999998e+01 1.837467000000000041e+02 -1.463103000000000087e+01 1.378440999999999974e+02 2.810157107806784613e-02 5.149870171894604942e-01 -2.317701930223618409e-02 8.564236682889552199e-01
3.869272000000000133e+01 1.849104000000000099e+02 -1.471236999999999995e+01 1.384499999999999886e+02 3.218316447214739084e-02 5.208490458497985198e-01 -2.411887933747618520e-02 8.527008825030127914e-01
3.889992000000000161e+01 1.860966999999999985e+02 -1.479762999999999984e+01 1.390561999999999898e+02 3.096555345699203779e-02 5.271625294354770341e-01 -2.736164140469977621e-02 8.487591782348700153e-01
3.910687000000000069e+01 1.873166999999999973e+02 -1.489366000000000057e+01 1.396500000000000057e+02 2.988699148263789657e-02 5.332618160872293345e-01 -2.938425579695188791e-02 8.449113378069474933e-01
3.931387999999999749e+01 1.885639999999999930e+02 -1.499291999999999980e+01 1.402353999999999985e+02 3.151027736605967189e-02 5.398953146725995467e-01 -3.332342204061221336e-02 8.404818267865116210e-01
3.952089999999999748e+01 1.898399000000000001e+02 -1.508794999999999931e+01 1.408154999999999859e+02 3.237935408006525212e-02 5.466330675547605988e-01 -3.646546973193640767e-02 8.359510370842656579e-01
3.972798999999999836e+01 1.911666999999999916e+02 -1.520551000000000030e+01 1.413810000000000002e+02 3.323296293825089148e-02 5.532793157782146531e-01 -3.855140435610130561e-02 8.314393291927605345e-01
3.993480000000000274e+01 1.925394000000000005e+02 -1.532526000000000010e+01 1.419286999999999921e+02 3.527623054343254766e-02 5.596878468836448128e-01 -3.695543058552884508e-02 8.271271956353719590e-01
4.014168000000000092e+01 1.939627000000000123e+02 -1.545199000000000034e+01 1.424807999999999879e+02 3.263142881677539436e-02 5.663765770580946324e-01 -3.572555329201872881e-02 8.227250133886238048e-01
4.035054000000000229e+01 1.954600000000000080e+02 -1.557305000000000028e+01 1.430262999999999920e+02 3.070662526439538534e-02 5.719690930903008619e-01 -3.213283419051197326e-02 8.190701683501940833e-01
4.055606000000000222e+01 1.969858999999999867e+02 -1.568196000000000012e+01 1.435674999999999955e+02 2.627634315276255322e-02 5.769212761400502876e-01 -2.856437273897187434e-02 8.158771179151200759e-01
4.076407999999999987e+01 1.985592000000000041e+02 -1.579846000000000039e+01 1.440966999999999985e+02 3.234073503687588669e-02 5.810758318296767033e-01 -2.872772333784237575e-02 8.126990048182344273e-01
4.096936000000000178e+01 2.001451000000000136e+02 -1.592436999999999969e+01 1.446074000000000126e+02 4.476444459860692837e-02 5.845010949824916979e-01 -3.088258404636753246e-02 8.095683297082869601e-01
4.117681999999999931e+01 2.018243999999999971e+02 -1.608857000000000070e+01 1.451297000000000139e+02 4.429640884157786535e-02 5.885162462047908161e-01 -2.287081162392573877e-02 8.069469512256830512e-01
4.138510999999999740e+01 2.035315999999999974e+02 -1.626124000000000080e+01 1.456544000000000096e+02 4.410073303313004345e-02 5.925303231623163525e-01 -2.370150541905146485e-02 8.039907836038748812e-01
4.159268999999999750e+01 2.052495000000000118e+02 -1.642654999999999887e+01 1.461718999999999937e+02 4.612195900284125905e-02 5.963657190099387329e-01 -3.040522708842830976e-02 8.008097253737620491e-01
4.179666999999999888e+01 2.069818999999999960e+02 -1.660979999999999990e+01 1.466776000000000124e+02 3.978444914657374570e-02 6.010583959187425496e-01 -2.965379369770692816e-02 7.976632465025736973e-01
4.200356000000000023e+01 2.087470999999999890e+02 -1.678438999999999837e+01 1.471708000000000141e+02 4.112297986645091497e-02 6.052832642735943569e-01 -3.232371164271394259e-02 7.942897759526078572e-01
4.221032000000000295e+01 2.105492000000000132e+02 -1.696319000000000088e+01 1.476435999999999922e+02 4.352935677687567312e-02 6.089043229653391398e-01 -3.002242595357612620e-02 7.914792318896152201e-01
4.241760000000000019e+01 2.123811000000000035e+02 -1.714387999999999934e+01 1.481148000000000025e+02 4.407697111881007240e-02 6.119768495933105568e-01 -2.815482546592909530e-02 7.891443860167931534e-01
4.262396999999999991e+01 2.142272000000000105e+02 -1.732238999999999862e+01 1.485828999999999951e+02 4.254286934816837312e-02 6.142745340881152760e-01 -2.778213007793418551e-02 7.874547950751118464e-01
4.283073000000000263e+01 2.160841000000000065e+02 -1.750031999999999854e+01 1.490489000000000033e+02 4.000407592479077179e-02 6.164046760087862342e-01 -2.875269692265466567e-02 7.858869077186489971e-01
4.303739000000000203e+01 2.179343000000000075e+02 -1.767767999999999873e+01 1.495044000000000040e+02 4.054122663935692122e-02 6.177584916005598448e-01 -3.050311418103488631e-02 7.847295171097083966e-01
4.324470999999999776e+01 2.197937000000000012e+02 -1.785885999999999996e+01 1.499499000000000137e+02 3.979121998725982517e-02 6.191411062941748478e-01 -2.978811873026518051e-02 7.837050575894365378e-01
4.345091000000000037e+01 2.216448000000000036e+02 -1.803413000000000110e+01 1.503821000000000083e+02 3.844981030741403266e-02 6.203663122015375953e-01 -2.666515473824934701e-02 7.829152063254188887e-01
4.366033999999999793e+01 2.235074999999999932e+02 -1.820846999999999838e+01 1.508144000000000062e+02 4.119779854645398698e-02 6.216809076616889307e-01 -2.972684980845079553e-02 7.816213308529458281e-01
4.386529999999999774e+01 2.253276999999999930e+02 -1.838635000000000019e+01 1.512316999999999894e+02 4.238544512385836183e-02 6.234351813806913167e-01 -3.181767560691715208e-02 7.800767168538301766e-01
4.407164000000000215e+01 2.271675999999999931e+02 -1.856751999999999825e+01 1.516432000000000073e+02 3.792182131905709463e-02 6.259520418912087880e-01 -2.902350430803872158e-02 7.783981069592560420e-01
4.427866000000000213e+01 2.290055999999999869e+02 -1.873660999999999888e+01 1.520381999999999891e+02 3.630747769107327966e-02 6.290408595200034370e-01 -2.832140868068913284e-02 7.760072563632308684e-01
4.448572000000000060e+01 2.308377999999999872e+02 -1.889376000000000033e+01 1.524181000000000097e+02 3.690431883799711460e-02 6.321904448851699554e-01 -2.894120982611905063e-02 7.733923448165198611e-01
4.469295999999999935e+01 2.326895000000000095e+02 -1.904111999999999938e+01 1.527857999999999947e+02 3.636715445164163951e-02 6.355018615357910239e-01 -2.820975031613626519e-02 7.707262964559700169e-01
4.489958000000000027e+01 2.345304999999999893e+02 -1.918701000000000079e+01 1.531400999999999897e+02 3.541284509197321212e-02 6.386302656596314353e-01 -2.925815201020492626e-02 7.681414418757447349e-01
4.510714000000000112e+01 2.363787000000000091e+02 -1.933365999999999829e+01 1.534780000000000086e+02 3.358760858784212017e-02 6.417631655844292515e-01 -3.097575356389526899e-02 7.655406028027195164e-01
4.531345999999999918e+01 2.381998000000000104e+02 -1.949555000000000149e+01 1.538032000000000039e+02 3.207576965914167577e-02 6.444681012403216114e-01 -3.591689736239053743e-02 7.631133519788055874e-01
4.552035000000000053e+01 2.400191000000000088e+02 -1.966443999999999903e+01 1.541100000000000136e+02 3.317513874392865464e-02 6.469163767473770088e-01 -3.979021296895312448e-02 7.607991526133899285e-01
4.572717999999999705e+01 2.418499999999999943e+02 -1.983999000000000024e+01 1.543982000000000028e+02 3.016893518358394755e-02 6.496044028603193965e-01 -3.811198173957090068e-02 7.587169643432647437e-01
4.593393999999999977e+01 2.436688000000000045e+02 -2.000433999999999912e+01 1.546683999999999912e+02 2.926919660262446848e-02 6.521274436115181983e-01 -3.627064333690283721e-02 7.566753278988751497e-01
4.614083999999999719e+01 2.454742999999999995e+02 -2.016398999999999830e+01 1.549235999999999933e+02 2.991703095553035346e-02 6.550054766407381601e-01 -3.705829842594170892e-02 7.541216608394291088e-01
4.634774000000000171e+01 2.472733000000000061e+02 -2.032349999999999923e+01 1.551445999999999970e+02 3.254948517508824551e-02 6.588441595806960871e-01 -3.364410151283832306e-02 7.508215359422213409e-01
4.655447000000000202e+01 2.490697999999999865e+02 -2.048204000000000136e+01 1.553582000000000107e+02 3.083476832924260738e-02 6.626004472783951771e-01 -3.208677362444265629e-02 7.476498533985858064e-01
4.676138000000000261e+01 2.508344999999999914e+02 -2.063459999999999894e+01 1.555424999999999898e+02 4.249841520647720111e-02 6.657324022840830358e-01 -3.938238253988653875e-02 7.439376863686122388e-01
4.696824999999999761e+01 2.526209000000000060e+02 -2.080614999999999881e+01 1.557214999999999918e+02 3.848016354322727345e-02 6.698940097562193774e-01 -4.069442976191702671e-02 7.403413105404650363e-01
4.717519999999999669e+01 2.544024000000000001e+02 -2.098216999999999999e+01 1.558813000000000102e+02 3.297214125253351141e-02 6.738930552931653439e-01 -3.857981409042792603e-02 7.370838391076106610e-01
4.738204000000000349e+01 2.561621000000000095e+02 -2.114493999999999829e+01 1.560254999999999939e+02 2.907537647819975063e-02 6.787964144354182716e-01 -4.067507001863623212e-02 7.326224054117166373e-01
4.758892000000000166e+01 2.579198999999999842e+02 -2.130232000000000170e+01 1.561451000000000136e+02 2.388190573832331756e-02 6.842368187832108539e-01 -3.993133195148907549e-02 7.277740852272202021e-01
4.779579999999999984e+01 2.596600999999999999e+02 -2.144204999999999828e+01 1.562239999999999895e+02 2.829168585193030105e-02 6.889175790117422205e-01 -4.004820542169424541e-02 7.231792938703078821e-01
4.800263000000000346e+01 2.613989000000000260e+02 -2.158417999999999992e+01 1.562882999999999925e+02 2.916215802374751143e-02 6.936924486362372466e-01 -3.964941872535988204e-02 7.185876973892608710e-01
4.820933000000000135e+01 2.631403000000000247e+02 -2.172635999999999967e+01 1.563324000000000069e+02 2.821148408371923835e-02 6.981912608269081888e-01 -3.775014655399765162e-02 7.143584547731468559e-01
4.841610000000000014e+01 2.648657000000000039e+02 -2.186706999999999823e+01 1.563568999999999960e+02 3.080509613288239315e-02 7.016083040887567401e-01 -3.936757609082656983e-02 7.108073069677008915e-01
4.862286999999999892e+01 2.665944999999999823e+02 -2.201709999999999923e+01 1.563599000000000103e+02 3.362832552983868045e-02 7.037884306426549497e-01 -3.676431227540645497e-02 7.086602613089890701e-01
4.882938000000000045e+01 2.683206000000000131e+02 -2.216749000000000080e+01 1.563531000000000120e+02 3.348081880982222563e-02 7.052298968634687082e-01 -3.395585127494064881e-02 7.073731882860410103e-01
4.903614999999999924e+01 2.700394999999999754e+02 -2.231693999999999889e+01 1.563437000000000126e+02 3.517671549168663314e-02 7.062113715993380003e-01 -3.273003792708194942e-02 7.063687719090439021e-01
4.924278000000000333e+01 2.717438999999999965e+02 -2.246937000000000140e+01 1.563340000000000032e+02 3.814881549429666868e-02 7.062399067246563078e-01 -3.191563562196310377e-02 7.062232325750665840e-01
4.945221000000000089e+01 2.734366999999999734e+02 -2.263729000000000013e+01 1.563283000000000129e+02 3.972760278423834862e-02 7.053871779302736122e-01 -3.113731310646505532e-02 7.070227114605951435e-01
4.965657999999999817e+01 2.750561999999999898e+02 -2.279801000000000144e+01 1.563300999999999874e+02 4.029530891360726119e-02 7.039308168045022018e-01 -2.955575591315458620e-02 7.085083983446534006e-01
4.986354000000000042e+01 2.766655999999999835e+02 -2.295476999999999990e+01 1.563454999999999870e+02 3.878256849112790561e-02 7.019708209908402941e-01 -2.732599387238839050e-02 7.106237885953179401e-01
5.006933000000000078e+01 2.782237999999999829e+02 -2.310165999999999897e+01 1.563778000000000077e+02 3.619026263954443212e-02 6.995399350837869790e-01 -2.639390545857462841e-02 7.131882681786736455e-01
5.027611999999999881e+01 2.797382000000000062e+02 -2.323843000000000103e+01 1.564294999999999902e+02 3.431333200235572173e-02 6.967489498024076466e-01 -2.946474873797686606e-02 7.158877878396489036e-01
5.048367999999999967e+01 2.812201999999999771e+02 -2.336730999999999980e+01 1.564848000000000070e+02 3.312589381222184881e-02 6.939887419586507900e-01 -2.877839905045503216e-02 7.186474135081011294e-01
5.069100000000000250e+01 2.826514999999999986e+02 -2.349596999999999980e+01 1.565600000000000023e+02 2.942053236022914089e-02 6.915155461568179840e-01 -2.872148762320068938e-02 7.211905142525029122e-01
5.089620000000000033e+01 2.840120999999999754e+02 -2.361049999999999827e+01 1.566339999999999861e+02 3.116990375585081824e-02 6.886595132847123102e-01 -2.899455388240798973e-02 7.238341161533318191e-01
5.110300000000000153e+01 2.853276000000000181e+02 -2.372680000000000078e+01 1.567165999999999997e+02 3.233929572104623368e-02 6.862515732754630449e-01 -3.102028319252473493e-02 7.259825687713680198e-01
5.130966000000000093e+01 2.865937000000000126e+02 -2.383445999999999998e+01 1.568069000000000131e+02 3.071167959148344423e-02 6.838887052524982302e-01 -3.320849612980463633e-02 7.281828254975040160e-01
5.151691999999999894e+01 2.878107999999999720e+02 -2.394343999999999895e+01 1.568983000000000061e+02 2.955120522920141185e-02 6.815015161732644877e-01 -3.376068275682587300e-02 7.304400221940445803e-01
5.172339999999999804e+01 2.889746000000000095e+02 -2.404626000000000019e+01 1.569918000000000120e+02 3.006126816193627899e-02 6.790951880544270347e-01 -3.654881814187660449e-02 7.325231939060017350e-01
5.193012999999999835e+01 2.901098999999999819e+02 -2.415117000000000047e+01 1.570886000000000138e+02 2.870713412103635329e-02 6.769247417217520990e-01 -3.712070540647073591e-02 7.345548636593604019e-01
5.213691000000000031e+01 2.911990000000000123e+02 -2.424004000000000048e+01 1.571803999999999917e+02 2.836544725746506859e-02 6.747373150713743550e-01 -3.759324969103856190e-02 7.365539387104136360e-01
5.234373000000000076e+01 2.922488000000000170e+02 -2.432192999999999827e+01 1.572771999999999935e+02 2.862198982989198545e-02 6.726142640932050165e-01 -3.887623531134898336e-02 7.384168685536309784e-01
5.255053999999999803e+01 2.932586999999999762e+02 -2.440493999999999986e+01 1.573721999999999923e+02 2.970638704606501021e-02 6.708345724208191196e-01 -3.976345397677367305e-02 7.399441700165513280e-01
5.275746000000000180e+01 2.942373999999999796e+02 -2.449147999999999925e+01 1.574678000000000111e+02 3.015515183104608768e-02 6.696411416086895940e-01 -4.119106382885428380e-02 7.409282721989390863e-01
5.296430000000000149e+01 2.952096000000000231e+02 -2.458495999999999881e+01 1.575670000000000073e+02 3.092930481278938562e-02 6.691986462244963185e-01 -4.168057333216412114e-02 7.412686960892128640e-01
5.317123999999999739e+01 2.961992999999999938e+02 -2.467823999999999884e+01 1.576689000000000078e+02 3.005940151038006755e-02 6.697565506938524260e-01 -4.234375615213030464e-02 7.407628510518330378e-01
5.337812000000000268e+01 2.972090000000000032e+02 -2.477055000000000007e+01 1.577653999999999996e+02 3.028086312958178442e-02 6.710313087785865216e-01 -4.183488056971360058e-02 7.396282138579776122e-01
5.358511000000000024e+01 2.982402999999999906e+02 -2.487488000000000099e+01 1.578477000000000032e+02 3.567661165189751210e-02 6.722964054740858675e-01 -4.144109977470768896e-02 7.382596818309434816e-01
5.379207000000000249e+01 2.993113999999999919e+02 -2.496956000000000131e+01 1.579363999999999919e+02 3.958188749906947634e-02 6.738959729215621142e-01 -4.389534214812316343e-02 7.364582070965132177e-01
5.399902000000000157e+01 3.004327999999999861e+02 -2.508500000000000085e+01 1.580168999999999926e+02 4.020526567970792581e-02 6.753916109265476475e-01 -4.137872385887787080e-02 7.351989592712151467e-01
5.420593999999999824e+01 3.015987999999999829e+02 -2.521321000000000012e+01 1.580882000000000005e+02 4.158306958671519754e-02 6.767735305629917208e-01 -3.575061863157188297e-02 7.341459867904407410e-01
5.441273999999999944e+01 3.027896000000000072e+02 -2.533868000000000009e+01 1.581930000000000121e+02 4.080983646301345608e-02 6.784624982037682495e-01 -4.008091375736260592e-02 7.324047488454311639e-01
5.461968999999999852e+01 3.040384999999999991e+02 -2.546722000000000108e+01 1.582677999999999940e+02 4.340872915277857458e-02 6.794088243809951466e-01 -3.564318524709706587e-02 7.316070632053904843e-01
5.482663999999999760e+01 3.053328000000000202e+02 -2.559815000000000040e+01 1.583588000000000022e+02 4.259638455730850592e-02 6.809605272445702351e-01 -3.706342546162458285e-02 7.301401309683597241e-01
5.503352000000000288e+01 3.066660999999999717e+02 -2.572466999999999970e+01 1.584466999999999928e+02 4.355091264022206005e-02 6.821006612651023815e-01 -3.989420794969306128e-02 7.288693010972407960e-01
5.524038000000000181e+01 3.080486999999999966e+02 -2.586821000000000126e+01 1.585319000000000074e+02 4.274857547369960431e-02 6.833992989107060545e-01 -4.100102973386900163e-02 7.276378722304706059e-01
5.544704999999999728e+01 3.094569000000000187e+02 -2.601685000000000159e+01 1.586244000000000085e+02 4.139359306693037727e-02 6.847881152150292472e-01 -4.277475343495963644e-02 7.263071858255537583e-01
5.565399000000000029e+01 3.108971999999999980e+02 -2.617480000000000118e+01 1.586982000000000141e+02 4.692169302848859386e-02 6.856922537358683956e-01 -4.472413587096468052e-02 7.249994755588181627e-01
5.586073999999999984e+01 3.123813999999999851e+02 -2.634091000000000093e+01 1.587710999999999899e+02 4.888128712686325844e-02 6.863897027806107332e-01 -4.370617420191234836e-02 7.242717487395171627e-01
5.606745999999999697e+01 3.139051999999999794e+02 -2.652053000000000083e+01 1.588337999999999965e+02 4.843972776875463820e-02 6.873484285514001035e-01 -3.793503233687594428e-02 7.237172540869880599e-01
5.627429000000000059e+01 3.154535999999999945e+02 -2.669380999999999915e+01 1.589033000000000015e+02 5.060959439377041985e-02 6.879902987366347533e-01 -3.803983191123868485e-02 7.229529645749704914e-01
5.648105000000000331e+01 3.170373000000000161e+02 -2.687071999999999861e+01 1.589755000000000109e+02 5.117008696374528154e-02 6.881487240927840476e-01 -3.746175840243740757e-02 7.227928972997685886e-01
5.668766000000000105e+01 3.186530999999999949e+02 -2.705548999999999893e+01 1.590532000000000039e+02 5.063124026862025895e-02 6.875240863973661742e-01 -3.608186678427731386e-02 7.234951326869377697e-01
5.689435000000000286e+01 3.203018000000000143e+02 -2.723537999999999926e+01 1.591400999999999897e+02 4.958341128652227897e-02 6.866546323064051105e-01 -3.511624845416948942e-02 7.244403014409485086e-01
5.710096000000000060e+01 3.219832999999999856e+02 -2.741809999999999903e+01 1.592316999999999894e+02 4.956114249276657308e-02 6.852427210327540763e-01 -3.320646517332599690e-02 7.258673688058520090e-01
5.730763000000000318e+01 3.236908999999999992e+02 -2.759900999999999982e+01 1.593323000000000036e+02 5.033186654041191255e-02 6.835963996973326573e-01 -3.256910087665877002e-02 7.273939229877363077e-01
5.751420000000000243e+01 3.254350000000000023e+02 -2.778207000000000093e+01 1.594431999999999903e+02 5.075203980162526496e-02 6.815191138936854687e-01 -3.071192404404029380e-02 7.293920109070655133e-01
5.772077999999999776e+01 3.271990000000000123e+02 -2.796790999999999983e+01 1.595617000000000019e+02 5.144591875866704606e-02 6.793701906753587538e-01 -2.979488395548582358e-02 7.313834331968983582e-01
5.792736000000000018e+01 3.289882999999999811e+02 -2.815785999999999945e+01 1.596885000000000048e+02 5.241964481250192820e-02 6.771555642420844512e-01 -3.023897132966455598e-02 7.333472078535778760e-01
5.813389999999999702e+01 3.307889999999999873e+02 -2.835860999999999876e+01 1.598372999999999990e+02 5.175034174020907290e-02 6.751661751575831483e-01 -3.249994237791198337e-02 7.351301189573741235e-01
5.834049999999999869e+01 3.326064999999999827e+02 -2.856250000000000000e+01 1.599925000000000068e+02 5.037747958484500854e-02 6.737953342398607104e-01 -3.301820155146342750e-02 7.364589299299583169e-01
5.854706999999999795e+01 3.344313000000000216e+02 -2.877188999999999908e+01 1.601588999999999885e+02 4.852523629544712447e-02 6.727423264279327464e-01 -3.114161196057438699e-02 7.376267780383929384e-01
5.875366000000000355e+01 3.362588999999999828e+02 -2.897212000000000032e+01 1.603276999999999930e+02 5.015782155259392028e-02 6.720039945418900817e-01 -3.071806919026858276e-02 7.382081173233353555e-01
5.896041000000000309e+01 3.380878000000000156e+02 -2.917312000000000083e+01 1.605021999999999878e+02 4.825566706553565538e-02 6.717530867297397679e-01 -3.105990331502686899e-02 7.385488903729987564e-01
5.916711000000000098e+01 3.399060999999999808e+02 -2.937509000000000015e+01 1.606702999999999975e+02 4.639048923059233692e-02 6.716106122579238447e-01 -3.238756794295500480e-02 7.387409244479576920e-01
5.937386000000000053e+01 3.417121999999999957e+02 -2.957781999999999911e+01 1.608344999999999914e+02 4.685828591439011176e-02 6.714550547753379561e-01 -3.320271157551701185e-02 7.388166148658588117e-01
5.958053999999999917e+01 3.435205000000000268e+02 -2.978018000000000143e+01 1.609891000000000076e+02 4.689708905230099978e-02 6.713839780999921736e-01 -3.392648007344401667e-02 7.388458641278811134e-01
5.978717000000000326e+01 3.453276000000000181e+02 -2.997768999999999906e+01 1.611449000000000069e+02 4.663991746745668743e-02 6.712043808618607388e-01 -3.322928916559878681e-02 7.390569744965700405e-01
5.999367999999999768e+01 3.471166999999999803e+02 -3.017753000000000085e+01 1.613076000000000079e+02 4.758928982229038152e-02 6.709956124938020183e-01 -3.489667937435913386e-02 7.391091727728187344e-01
6.020033000000000101e+01 3.489064999999999941e+02 -3.037547999999999959e+01 1.614740999999999929e+02 4.890034540270521424e-02 6.702158582169387424e-01 -3.190085435608377290e-02 7.398660656533591062e-01
6.040675999999999846e+01 3.506976999999999975e+02 -3.056953000000000031e+01 1.616370000000000005e+02 5.176128712560226081e-02 6.684449572242130433e-01 -2.996660555508884327e-02 7.413528922639520680e-01
6.061328999999999922e+01 3.524825000000000159e+02 -3.076034999999999897e+01 1.617983000000000118e+02 5.739225995652895429e-02 6.661807772868927335e-01 -2.920641227495811634e-02 7.430049030474423777e-01
6.081992000000000331e+01 3.542730999999999995e+02 -3.096096999999999966e+01 1.619694000000000074e+02 5.848395585737790198e-02 6.637734021721518607e-01 -2.772847623308544868e-02 7.451279279975145942e-01
6.102662999999999727e+01 3.560658000000000243e+02 -3.114981999999999829e+01 1.621440000000000055e+02 5.970611896113973277e-02 6.612414995946761520e-01 -2.815116975823224107e-02 7.472632536219249166e-01
6.123319999999999652e+01 3.578634000000000128e+02 -3.134268000000000143e+01 1.623463999999999885e+02 5.546916412672114188e-02 6.583087444965060042e-01 -2.632895554996035267e-02 7.502396649405874696e-01
6.143983000000000061e+01 3.596666000000000167e+02 -3.152203000000000088e+01 1.625501999999999896e+02 5.366181833079528007e-02 6.546856474419588956e-01 -2.673230023658166102e-02 7.535200703438476033e-01
6.164643000000000228e+01 3.614762999999999806e+02 -3.169958000000000098e+01 1.627694999999999936e+02 5.244731301064061574e-02 6.502331649371821953e-01 -2.732197603899850363e-02 7.574296140230222241e-01
6.185302999999999685e+01 3.632721999999999980e+02 -3.188456000000000046e+01 1.630347999999999900e+02 5.208934152291026104e-02 6.441124863838482151e-01 -2.922684311109375113e-02 7.625953035692561999e-01
6.205953999999999837e+01 3.650627999999999815e+02 -3.207263999999999982e+01 1.633230000000000075e+02 5.167468696252753430e-02 6.370548333582402023e-01 -3.080085599989822870e-02 7.684674184972988265e-01
6.226619000000000170e+01 3.668412000000000148e+02 -3.226554000000000144e+01 1.636594000000000051e+02 5.082665961153177286e-02 6.297366910876303070e-01 -3.172067031005771504e-02 7.744947705735764076e-01
6.247279000000000337e+01 3.686005000000000109e+02 -3.246696000000000026e+01 1.640490000000000066e+02 4.967497843000670543e-02 6.229588585902472442e-01 -3.246165060171504052e-02 7.800005758088432994e-01
6.267943000000000353e+01 3.703485999999999763e+02 -3.265823999999999927e+01 1.644754000000000076e+02 4.873812210538742279e-02 6.178253568666547402e-01 -3.333519496075389860e-02 7.840951400456196430e-01
6.288615999999999673e+01 3.720932000000000244e+02 -3.284870999999999697e+01 1.649156000000000120e+02 4.827769572812515286e-02 6.138769334954986556e-01 -3.403562479370297184e-02 7.871886374067192937e-01
6.309291999999999945e+01 3.738419000000000096e+02 -3.304903999999999797e+01 1.653619999999999948e+02 4.799881938274171145e-02 6.101984559436886002e-01 -3.424826444056734698e-02 7.900512730732164313e-01
6.329955999999999960e+01 3.755998000000000161e+02 -3.324710999999999927e+01 1.658266999999999882e+02 4.807285924904072805e-02 6.066265299703226255e-01 -3.433140152385603938e-02 7.927891322471535274e-01
6.350619999999999976e+01 3.773568000000000211e+02 -3.345186000000000348e+01 1.663146000000000129e+02 4.644688421279426216e-02 6.029668445681224398e-01 -3.374665644521866043e-02 7.956977029483328634e-01
6.371283999999999992e+01 3.790955999999999904e+02 -3.365147000000000332e+01 1.668283999999999878e+02 4.493898946176395903e-02 5.992266535440522457e-01 -3.213210512442377098e-02 7.986710416240373478e-01
6.391944999999999766e+01 3.808018000000000143e+02 -3.385005999999999915e+01 1.673574999999999875e+02 4.401068714424694744e-02 5.956361985717335550e-01 -3.213772088406795235e-02 8.014036094655943021e-01
6.412587000000000614e+01 3.824796999999999798e+02 -3.405165999999999826e+01 1.678984000000000094e+02 4.514983432779445111e-02 5.916872629835427944e-01 -3.561949470603158197e-02 8.041137524505498346e-01
6.433240999999999588e+01 3.841564999999999941e+02 -3.424855000000000160e+01 1.684493999999999971e+02 4.219508389029857920e-02 5.886359898763714460e-01 -3.545710968128392565e-02 8.065172283905683859e-01
6.453906000000000631e+01 3.858081999999999994e+02 -3.444908999999999821e+01 1.690139000000000067e+02 3.847172049756796691e-02 5.870073425301113312e-01 -3.756430735796371934e-02 8.077940513215047247e-01
6.474571000000000254e+01 3.874349000000000274e+02 -3.463900000000000290e+01 1.695725999999999942e+02 4.103699048354711443e-02 5.860559340472033529e-01 -4.207062956730794195e-02 8.081364177587367914e-01
6.495228000000000179e+01 3.890518000000000143e+02 -3.483650999999999698e+01 1.701379000000000019e+02 3.743045366357660581e-02 5.858416192522476473e-01 -4.236090597654626477e-02 8.084516756957638162e-01
6.515882000000000573e+01 3.906508000000000038e+02 -3.503121000000000151e+01 1.706949999999999932e+02 3.317230155293600380e-02 5.858577725120313051e-01 -4.181486058885936635e-02 8.086543057641231158e-01
6.536548000000000513e+01 3.922273000000000138e+02 -3.521056000000000097e+01 1.712375000000000114e+02 3.385144366688422335e-02 5.862206249270434100e-01 -4.180339820622182290e-02 8.083637390248444854e-01
6.557196000000000424e+01 3.938158000000000243e+02 -3.537807999999999709e+01 1.717624000000000137e+02 3.497664025678035027e-02 5.866372623006343989e-01 -3.885696952200069082e-02 8.081605614210158883e-01
6.577866000000000213e+01 3.954044000000000096e+02 -3.554301999999999850e+01 1.722840999999999951e+02 3.545903028220503961e-02 5.869060021439794772e-01 -3.890998365076673432e-02 8.079418388665818851e-01
6.598517999999999972e+01 3.969791000000000167e+02 -3.570991999999999678e+01 1.727964000000000055e+02 4.156833596031977301e-02 5.867189019001576300e-01 -4.077845792450780077e-02 8.076943239665987928e-01
6.619174999999999898e+01 3.985862000000000194e+02 -3.589106000000000307e+01 1.733316000000000088e+02 3.836098519017734632e-02 5.873136400185486883e-01 -3.960242359215650904e-02 8.074792697704561428e-01
6.639839999999999520e+01 4.002053999999999974e+02 -3.608162000000000091e+01 1.738739999999999952e+02 3.874994291974268729e-02 5.874239420511196963e-01 -4.041973660702254806e-02 8.073399526354796407e-01
6.660504000000000246e+01 4.018570000000000277e+02 -3.626142999999999716e+01 1.744113999999999862e+02 4.164892251861633532e-02 5.871477255739323553e-01 -4.086388032745380539e-02 8.073741752688026185e-01
6.681153000000000475e+01 4.035400000000000205e+02 -3.645649999999999835e+01 1.749704000000000121e+02 4.008678361550833957e-02 5.870710678722576015e-01 -3.912576161947847048e-02 8.075950630262580532e-01
6.701818000000000097e+01 4.052386999999999944e+02 -3.665818000000000154e+01 1.755297999999999945e+02 4.304805692525764949e-02 5.866163736255058936e-01 -3.681674789788197399e-02 8.078815643791141810e-01
6.722469999999999857e+01 4.069522000000000048e+02 -3.686061999999999728e+01 1.760920000000000130e+02 4.466177015976559306e-02 5.858657110529461587e-01 -3.388438488241234808e-02 8.084667855637379663e-01
6.743135999999999797e+01 4.086653000000000020e+02 -3.705716000000000321e+01 1.766545000000000130e+02 4.806033953149763810e-02 5.846510825361829200e-01 -2.992422238731939216e-02 8.093070223147096343e-01
6.763801999999999737e+01 4.103808000000000220e+02 -3.723727000000000231e+01 1.772462999999999909e+02 4.215464406442930023e-02 5.846173425853371519e-01 -2.875334103818575140e-02 8.097029048431292342e-01
6.784454999999999814e+01 4.120932999999999993e+02 -3.740675000000000239e+01 1.778160000000000025e+02 4.165888369701045008e-02 5.840650397462556764e-01 -2.764205021357683117e-02 8.101657137989204394e-01
6.805116999999999905e+01 4.138009000000000128e+02 -3.757269999999999754e+01 1.783624000000000080e+02 4.468154400872881293e-02 5.834346021985672426e-01 -2.854439798250174923e-02 8.104275673533152258e-01
6.825769999999999982e+01 4.155020999999999844e+02 -3.774911999999999779e+01 1.789072999999999922e+02 4.418848369073331145e-02 5.828782274137264130e-01 -2.585584651675184448e-02 8.109450197868214305e-01
6.846429999999999438e+01 4.171677000000000248e+02 -3.791664000000000101e+01 1.794501999999999953e+02 4.317611352519949708e-02 5.829674672538986968e-01 -2.629814743145417882e-02 8.109211816114474392e-01
6.867091999999999530e+01 4.187968999999999937e+02 -3.808221999999999952e+01 1.799864000000000033e+02 4.268609994380509476e-02 5.833299553241845237e-01 -2.531731760536099982e-02 8.107176410578103010e-01
6.887761999999999318e+01 4.204006999999999721e+02 -3.823306999999999789e+01 1.804989999999999952e+02 4.094145476566493635e-02 5.842102498166753533e-01 -2.380441292117182334e-02 8.102194339907474729e-01
6.908424999999999727e+01 4.219594000000000165e+02 -3.837483999999999895e+01 1.809889000000000010e+02 4.272286632755804836e-02 5.851475958009002554e-01 -2.330646857498634358e-02 8.094651668501534614e-01
6.929095999999999833e+01 4.234737000000000080e+02 -3.852223000000000042e+01 1.814720000000000084e+02 4.593259855709616590e-02 5.861601666493174712e-01 -2.689259768774565282e-02 8.084449539783409300e-01
6.949751999999999441e+01 4.249705999999999904e+02 -3.868180000000000263e+01 1.819531000000000063e+02 4.783430512459189987e-02 5.870311100814861183e-01 -2.903486717587307891e-02 8.076282136836385739e-01
6.970449000000000694e+01 4.264553000000000225e+02 -3.884575999999999851e+01 1.824274000000000058e+02 4.352247044172984775e-02 5.882832070147654413e-01 -2.663399032853075096e-02 8.070435511608099466e-01
6.991094999999999970e+01 4.279166999999999916e+02 -3.898930000000000007e+01 1.828781999999999925e+02 4.459503466990872439e-02 5.888329303348630583e-01 -2.525239208791528120e-02 8.066284025063122920e-01
7.011799999999999500e+01 4.293648999999999774e+02 -3.913224000000000302e+01 1.833307000000000073e+02 4.609047972688736644e-02 5.889261445766584835e-01 -2.622219271151105327e-02 8.064453239507428650e-01
7.032429000000000485e+01 4.308054999999999950e+02 -3.926661000000000001e+01 1.837827000000000055e+02 4.775030217225323392e-02 5.888196620626159339e-01 -2.557651845497842594e-02 8.064472431068556713e-01
7.053092999999999790e+01 4.322520999999999844e+02 -3.938551999999999964e+01 1.842420999999999935e+02 4.874304343267261280e-02 5.887524149481558888e-01 -2.658649411300161719e-02 8.064042831858065918e-01
7.073802999999999486e+01 4.337096999999999980e+02 -3.951541000000000281e+01 1.847060999999999922e+02 4.835136932714546171e-02 5.885600572866018787e-01 -2.584971218576189930e-02 8.065922119825446046e-01
7.094638000000000488e+01 4.351772000000000276e+02 -3.965559999999999974e+01 1.851675999999999931e+02 4.738708337728178566e-02 5.875972836029095259e-01 -2.432226512335518634e-02 8.073984914840660609e-01
7.115121999999999503e+01 4.365932999999999993e+02 -3.980189000000000021e+01 1.856246999999999900e+02 4.627848062947676616e-02 5.862680200602766734e-01 -2.312820296842443141e-02 8.084634791458927827e-01
7.135974000000000217e+01 4.379870000000000232e+02 -3.996184000000000225e+01 1.860947999999999922e+02 4.602061472949253024e-02 5.846239251431460948e-01 -2.475420487846242967e-02 8.096197863880153500e-01
7.156445999999999685e+01 4.393183000000000220e+02 -4.011520999999999759e+01 1.865498000000000047e+02 4.572198527629957321e-02 5.829534727388896442e-01 -2.542820838610415635e-02 8.108194342159880108e-01
7.177195000000000391e+01 4.406293999999999755e+02 -4.026688000000000045e+01 1.869989999999999952e+02 4.362515204035280481e-02 5.819968533310746484e-01 -2.545909165801541960e-02 8.116208126176487347e-01
7.197786999999999580e+01 4.418894999999999982e+02 -4.039939999999999998e+01 1.874232000000000085e+02 4.342626105256371799e-02 5.810354882962787126e-01 -2.560500649305582840e-02 8.123153973881021006e-01
7.218471999999999866e+01 4.431116000000000099e+02 -4.053170000000000073e+01 1.878377999999999872e+02 4.366061117953506931e-02 5.800484969230513821e-01 -2.508351912067088157e-02 8.130241751124385186e-01
7.239408000000000243e+01 4.443113999999999919e+02 -4.065104999999999791e+01 1.882466000000000008e+02 4.406131053573464351e-02 5.790091915372100884e-01 -2.460922750831162284e-02 8.137575455568717420e-01
7.260151000000000465e+01 4.454492999999999938e+02 -4.077680999999999756e+01 1.886415000000000077e+02 4.373655834297096590e-02 5.780754576247453258e-01 -2.532265273288317881e-02 8.144167495912781884e-01
7.280481000000000336e+01 4.465258000000000038e+02 -4.089361000000000246e+01 1.890156000000000063e+02 4.371583535079882898e-02 5.772404242602668933e-01 -2.547657371788195763e-02 8.150051303709725525e-01
7.301157000000000608e+01 4.475776999999999930e+02 -4.100285000000000224e+01 1.893847000000000094e+02 4.212663668240786141e-02 5.766995928075865363e-01 -2.579820543379292633e-02 8.154614514088254218e-01
7.321819999999999595e+01 4.485905000000000200e+02 -4.111097000000000179e+01 1.897399000000000058e+02 4.176048037248374784e-02 5.760941642694922260e-01 -2.526793911490890845e-02 8.159246947032428032e-01
7.342508999999999730e+01 4.495511000000000195e+02 -4.122241000000000355e+01 1.900814000000000021e+02 4.325996007246762920e-02 5.755364986510955738e-01 -2.679177570528036914e-02 8.161914697725793921e-01
7.363280000000000314e+01 4.504737000000000080e+02 -4.133399000000000001e+01 1.904149999999999920e+02 4.470072887309405052e-02 5.747865143291130963e-01 -2.879172449861257949e-02 8.165741511853031875e-01
7.383862999999999488e+01 4.513527000000000271e+02 -4.143115999999999843e+01 1.907214999999999918e+02 4.613012709132403161e-02 5.742071072341937699e-01 -2.803487112536385065e-02 8.169285497381407746e-01
7.404537999999999442e+01 4.521892000000000280e+02 -4.152320000000000277e+01 1.910192000000000121e+02 4.414648946335099355e-02 5.750383538421616203e-01 -2.779770732751088783e-02 8.164614299193152513e-01
7.425233000000000061e+01 4.529753000000000043e+02 -4.161612000000000222e+01 1.912925999999999931e+02 4.343236621987892759e-02 5.761697349850494199e-01 -2.742539401002319285e-02 8.157143579802884625e-01
7.445910000000000650e+01 4.537101999999999862e+02 -4.170389000000000124e+01 1.915501999999999896e+02 4.308592197550703551e-02 5.770852644727043623e-01 -2.717691232513512120e-02 8.150936242496693573e-01
7.466589000000000453e+01 4.544021000000000186e+02 -4.179023000000000110e+01 1.917949000000000126e+02 4.270911323564775125e-02 5.779487760843760036e-01 -2.637524864370537764e-02 8.145277712442833273e-01
7.487279999999999802e+01 4.550471000000000004e+02 -4.187895999999999930e+01 1.920289999999999964e+02 4.219170626510852090e-02 5.788755430624350495e-01 -2.610499779696855496e-02 8.139050894647545942e-01
7.507950999999999908e+01 4.556532000000000266e+02 -4.194951999999999970e+01 1.922468000000000075e+02 4.111982204720406736e-02 5.797302049015791159e-01 -2.705533986804345772e-02 8.133203909556208089e-01
7.528627000000000180e+01 4.562262000000000057e+02 -4.200704000000000349e+01 1.924408999999999992e+02 4.199451687935387006e-02 5.806433491069673547e-01 -2.676934208410255284e-02 8.126334745838976747e-01
7.549290000000000589e+01 4.567801999999999794e+02 -4.206007000000000318e+01 1.926304000000000087e+02 4.304365393356925779e-02 5.810131847991046872e-01 -2.700835026918900136e-02 8.123062673409491286e-01
7.569968000000000075e+01 4.573192999999999984e+02 -4.211959999999999837e+01 1.928262000000000000e+02 4.213912864695001925e-02 5.807975796709571314e-01 -2.716115582935253389e-02 8.125027611640761593e-01
7.590626000000000317e+01 4.578478000000000065e+02 -4.217833000000000254e+01 1.930158000000000129e+02 4.116993119766911707e-02 5.798365912961798152e-01 -2.782141772373940281e-02 8.132161661422180332e-01
7.611293000000000575e+01 4.583727000000000089e+02 -4.222297999999999973e+01 1.932068999999999903e+02 4.073905295183040398e-02 5.778133533212387318e-01 -2.845581604985998950e-02 8.146547273668702793e-01
7.631950999999999397e+01 4.588965999999999781e+02 -4.227315000000000111e+01 1.934108999999999980e+02 4.109438884971104711e-02 5.734455823975053157e-01 -2.817556844507627598e-02 8.177270648429411093e-01
7.652671999999999741e+01 4.594284000000000106e+02 -4.232981999999999800e+01 1.936403999999999996e+02 4.100023652306069438e-02 5.659502628703709792e-01 -2.943410584208742270e-02 8.228930149024769047e-01
7.673232000000000141e+01 4.599698999999999955e+02 -4.238821999999999690e+01 1.938837000000000046e+02 4.154418967491584763e-02 5.560571904694734391e-01 -2.993942491146864629e-02 8.295650137677098579e-01
7.693890000000000384e+01 4.605317000000000007e+02 -4.244518999999999664e+01 1.941658999999999935e+02 4.094868092321277825e-02 5.422700957603980854e-01 -3.176426064505503966e-02 8.386044243386334696e-01
7.714494000000000540e+01 4.610905000000000200e+02 -4.249463999999999686e+01 1.944719000000000051e+02 4.124512036596723885e-02 5.253355509774264576e-01 -3.393978735627427301e-02 8.492169862640831512e-01
7.735138999999999498e+01 4.616462000000000216e+02 -4.255214000000000141e+01 1.947973000000000070e+02 4.263151136620170478e-02 5.068240777721028101e-01 -3.549725976539601369e-02 8.602626651077208697e-01
7.755791999999999575e+01 4.621585999999999785e+02 -4.260070000000000334e+01 1.951399000000000115e+02 4.212952686271628777e-02 4.899252895512552497e-01 -4.027182194968298434e-02 8.698140571301982149e-01
7.776493000000000677e+01 4.626557999999999993e+02 -4.264180000000000348e+01 1.954678000000000111e+02 4.085374457847136542e-02 4.878087098414806699e-01 -4.500096059808220833e-02 8.708321007530425151e-01
7.797218999999999767e+01 4.631354000000000042e+02 -4.268334999999999724e+01 1.957437999999999931e+02 4.079629356589064421e-02 4.948100409726403637e-01 -4.577652012494141248e-02 8.668351607942484938e-01
7.817942999999999643e+01 4.635862000000000194e+02 -4.270011000000000223e+01 1.959619999999999891e+02 4.278442967080162140e-02 5.085030484040881094e-01 -4.343689408647787020e-02 8.588989338528799644e-01
7.838678000000000168e+01 4.641010999999999740e+02 -4.273705999999999960e+01 1.961766000000000076e+02 4.443162379166292614e-02 5.269377090340895409e-01 -4.094774942726647771e-02 8.477533623772796068e-01
7.859391999999999712e+01 4.646035999999999717e+02 -4.276344999999999885e+01 1.963641000000000076e+02 4.428756738728448911e-02 5.462532288401256153e-01 -4.075910205932450209e-02 8.354547964767283785e-01
7.880095000000000027e+01 4.651394000000000233e+02 -4.281190000000000140e+01 1.965508000000000095e+02 4.517203351175367448e-02 5.635940180334119143e-01 -3.860114832937035223e-02 8.239121443291274050e-01
7.900771000000000299e+01 4.656750999999999863e+02 -4.287317000000000178e+01 1.967173999999999978e+02 4.725281821190801396e-02 5.774639068677525078e-01 -3.547717456657862450e-02 8.142751239727494816e-01
7.921493999999999858e+01 4.662105999999999995e+02 -4.293431999999999960e+01 1.968704999999999927e+02 4.629566061975822627e-02 5.876249277992701137e-01 -3.478851493567064468e-02 8.070584955659992898e-01
7.942199999999999704e+01 4.667139999999999986e+02 -4.300328999999999979e+01 1.970063000000000102e+02 4.538909814669423587e-02 5.943081021453580082e-01 -3.263710766905810606e-02 8.022920470108193536e-01
7.963188999999999851e+01 4.671913999999999874e+02 -4.305471000000000004e+01 1.971423000000000059e+02 4.619936625249451007e-02 5.939686070869549805e-01 -3.237511261222594805e-02 8.025077971187543069e-01
7.983366999999999791e+01 4.676175999999999817e+02 -4.309855999999999909e+01 1.972758000000000038e+02 4.680209200475456133e-02 5.870726116541713502e-01 -3.053707372633591988e-02 8.076031203244334877e-01
8.004483000000000459e+01 4.680045999999999822e+02 -4.315131999999999834e+01 1.974269999999999925e+02 4.478966051470838899e-02 5.759731407889476795e-01 -3.313323390689532078e-02 8.155679102389717938e-01
8.024594999999999345e+01 4.683294999999999959e+02 -4.320344999999999658e+01 1.975723000000000127e+02 4.268494009586772803e-02 5.639934284017326105e-01 -3.625476319034281331e-02 8.238780254107304080e-01
8.045368999999999460e+01 4.686283000000000243e+02 -4.324139000000000266e+01 1.976915999999999940e+02 4.356701045796187999e-02 5.507391052148293831e-01 -3.390571658137472161e-02 8.328497799543616020e-01
8.065843999999999880e+01 4.688842000000000212e+02 -4.327329000000000292e+01 1.977882999999999925e+02 4.945755600838978167e-02 5.365692151958487699e-01 -3.114472616425816368e-02 8.418298126640214596e-01
8.086495999999999640e+01 4.690948000000000206e+02 -4.329184999999999661e+01 1.979181000000000097e+02 4.696903469720358631e-02 5.229097506208264523e-01 -3.558797478213598237e-02 8.503486335240295624e-01
8.107166999999999746e+01 4.692991000000000099e+02 -4.329832999999999998e+01 1.980352000000000032e+02 4.329778229516079852e-02 5.101662906053715529e-01 -3.782853149850062824e-02 8.581518864297529303e-01
8.127809999999999491e+01 4.694730000000000132e+02 -4.331315000000000026e+01 1.981348000000000127e+02 4.273737854068106884e-02 4.984207657836385863e-01 -3.748777929640127737e-02 8.650693169420275996e-01
8.148488000000000397e+01 4.696340999999999894e+02 -4.331351000000000084e+01 1.982242999999999995e+02 4.240509263444115079e-02 4.875439351494876283e-01 -3.700438617418385506e-02 8.712826147820739164e-01
8.169163000000000352e+01 4.697717000000000098e+02 -4.333559999999999945e+01 1.983028999999999940e+02 4.113880161740193775e-02 4.789626110488947597e-01 -3.697579504929187494e-02 8.760908667479543332e-01
8.190022000000000446e+01 4.698577999999999975e+02 -4.334935000000000116e+01 1.984001000000000090e+02 3.870628482298028167e-02 4.701390843442624368e-01 -4.478729548127181881e-02 8.806049983111691182e-01
8.210697999999999297e+01 4.699366999999999734e+02 -4.335745000000000005e+01 1.984781000000000120e+02 3.770525390502082325e-02 4.643379618696132916e-01 -4.752860990880759112e-02 8.835777284624524164e-01
8.231203999999999610e+01 4.700301000000000045e+02 -4.336563999999999908e+01 1.985343000000000018e+02 3.763599412280434903e-02 4.584630967380843858e-01 -4.199027957331394334e-02 8.869227346827168734e-01
8.251883999999999730e+01 4.700932000000000244e+02 -4.338689999999999714e+01 1.986000999999999976e+02 3.586475378867366726e-02 4.536016103044932524e-01 -4.299146048562658279e-02 8.894442269699439629e-01
