0.000000000000000000e+00 -0.000000000000000000e+00 -0.000000000000000000e+00 -0.000000000000000000e+00 -0.000000000000000000e+00 -0.000000000000000000e+00 1.000000000000000000e+00 -0.000000000000000000e+00
2.082536000000000109e-01 -1.172062009572982788e-03 -2.009769435971975327e-03 1.163995712995529175e-01 -3.568641841411590576e-04 9.053190588019788265e-04 9.999991655349731445e-01 -8.521297713741660118e-04
4.166248000000000173e-01 -2.414328977465629578e-03 -3.846892155706882477e-03 2.332262396812438965e-01 -3.117727464996278286e-04 1.728933304548263550e-03 9.999984502792358398e-01 -3.185952664352953434e-04
6.250035999999999925e-01 -3.542399033904075623e-03 -5.830348469316959381e-03 3.508989214897155762e-01 -3.182381915394216776e-04 2.682738937437534332e-03 9.999955296516418457e-01 -1.317878835834562778e-03
8.332524000000000042e-01 -4.954177886247634888e-03 -7.803164422512054443e-03 4.685441851615905762e-01 -6.559669855050742626e-04 2.089283661916851997e-03 9.999973773956298828e-01 -6.985961226746439934e-04
1.041630000000000056e+00 -7.119100075215101242e-03 -9.977122768759727478e-03 5.866296291351318359e-01 -5.072859930805861950e-04 -1.116979285143315792e-03 9.999989271163940430e-01 8.603374590165913105e-04
1.250002999999999975e+00 -8.818689733743667603e-03 -1.241666078567504883e-02 7.052425742149353027e-01 -3.992227721028029919e-04 -2.864261390641331673e-03 9.999957084655761719e-01 4.588376323226839304e-04
1.458401000000000058e+00 -9.732625447213649750e-03 -1.448871102184057236e-02 8.249033689498901367e-01 -1.669615885475650430e-04 3.990195400547236204e-04 9.999983310699462891e-01 -1.772813149727880955e-03
1.666754000000000069e+00 -1.075263414531946182e-02 -1.651814579963684082e-02 9.446218013763427734e-01 -3.574720467440783978e-04 2.180995186790823936e-03 9.999975562095642090e-01 2.620828454382717609e-04
1.875129000000000046e+00 -1.249340176582336426e-02 -1.874846406280994415e-02 1.065090060234069824e+00 3.809987974818795919e-04 -4.423377686180174351e-04 9.999998807907104492e-01 6.263827526709064841e-05
2.083502000000000187e+00 -1.351874973624944687e-02 -2.060792595148086548e-02 1.186655879020690918e+00 8.709027315489947796e-04 5.684940260834991932e-04 9.999958276748657227e-01 -2.694702241569757462e-03
2.291881000000000057e+00 -1.405072491616010666e-02 -2.242172136902809143e-02 1.308398604393005371e+00 6.081533501856029034e-04 2.825689269229769707e-03 9.999955892562866211e-01 -7.086159312166273594e-04
2.500256999999999952e+00 -1.532351598143577576e-02 -2.478849329054355621e-02 1.430978536605834961e+00 1.256574527360498905e-03 1.129982527345418930e-03 9.999982118606567383e-01 8.739635231904685497e-04
2.708628000000000036e+00 -1.647640205919742584e-02 -2.710934728384017944e-02 1.554096341133117676e+00 1.424665795639157295e-03 1.363252667943015695e-04 9.999974966049194336e-01 1.737801008857786655e-03
2.916881000000000057e+00 -1.763761788606643677e-02 -2.952950447797775269e-02 1.677842259407043457e+00 1.157246762886643410e-03 -4.324044566601514816e-04 9.999991655349731445e-01 4.127985157538205385e-04
3.125255999999999812e+00 -1.905587129294872284e-02 -3.176075965166091919e-02 1.802302479743957520e+00 1.310459687374532223e-03 -3.147601615637540817e-03 9.999940991401672363e-01 5.306225502863526344e-04
3.333502000000000187e+00 -2.049098536372184753e-02 -3.416262194514274597e-02 1.927205204963684082e+00 1.179946004413068295e-03 -4.799323156476020813e-03 9.999878406524658203e-01 2.812741149682551622e-04
3.541754000000000069e+00 -2.154376171529293060e-02 -3.643124178051948547e-02 2.052782058715820312e+00 5.693170824088156223e-04 -3.993009217083454132e-03 9.999917149543762207e-01 5.727758398279547691e-04
3.750007000000000090e+00 -2.321586757898330688e-02 -3.881544619798660278e-02 2.179042816162109375e+00 -2.887033624574542046e-04 -3.881946904584765434e-03 9.999924302101135254e-01 -1.159340754384174943e-04
3.958276000000000128e+00 -2.513387985527515411e-02 -4.105335101485252380e-02 2.305873155593872070e+00 -1.277577946893870831e-03 -4.421773832291364670e-03 9.999894499778747559e-01 -8.136194810504093766e-05
4.166506000000000043e+00 -2.691767551004886627e-02 -4.327744245529174805e-02 2.432851076126098633e+00 -2.205804921686649323e-03 -3.652942832559347153e-03 9.999904632568359375e-01 -9.868616471067070961e-04
4.374755999999999645e+00 -2.884922735393047333e-02 -4.551063850522041321e-02 2.559964895248413086e+00 -2.673862734809517860e-03 -1.833830610848963261e-03 9.999945163726806641e-01 -7.322015590034425259e-04
4.583131999999999984e+00 -3.072652965784072876e-02 -4.781658574938774109e-02 2.687010288238525391e+00 -2.514472231268882751e-03 -7.096490589901804924e-04 9.999958872795104980e-01 -1.232168986462056637e-03
4.791383999999999865e+00 -3.261095657944679260e-02 -5.011564493179321289e-02 2.814136028289794922e+00 -2.065802225843071938e-03 6.879499414935708046e-04 9.999967217445373535e-01 -1.388732576742768288e-03
4.999629999999999797e+00 -3.439332917332649231e-02 -5.239231884479522705e-02 2.940204143524169922e+00 -1.542695099487900734e-03 1.236198004335165024e-03 9.999977350234985352e-01 -7.788904476910829544e-04
5.207868999999999637e+00 -3.653063625097274780e-02 -5.478774756193161011e-02 3.065969467163085938e+00 -7.658494869247078896e-04 -1.272668247111141682e-03 9.999980926513671875e-01 -1.275846152566373348e-03
5.416244999999999976e+00 -3.866092860698699951e-02 -5.694624781608581543e-02 3.191919565200805664e+00 -5.373628664528951049e-05 -5.041394848376512527e-03 9.999851584434509277e-01 -2.070413203909993172e-03
5.624505000000000088e+00 -4.077525809407234192e-02 -5.926534160971641541e-02 3.317037582397460938e+00 6.209138664416968822e-04 -8.921445347368717194e-03 9.999586939811706543e-01 -1.644306932576000690e-03
5.832639000000000351e+00 -4.248058423399925232e-02 -6.161680445075035095e-02 3.441985845565795898e+00 1.132978009991347790e-03 -9.934254921972751617e-03 9.999484419822692871e-01 -1.788747729733586311e-03
6.040888999999999953e+00 -4.383790865540504456e-02 -6.391507387161254883e-02 3.566037654876708984e+00 1.182620879262685776e-03 -8.741840720176696777e-03 9.999603033065795898e-01 -1.262820675037801266e-03
6.249010000000000176e+00 -4.509428888559341431e-02 -6.619661301374435425e-02 3.689628124237060547e+00 8.788084378466010094e-04 -8.408807218074798584e-03 9.999634623527526855e-01 -1.319257426075637341e-03
6.457259999999999778e+00 -4.673676192760467529e-02 -6.853511184453964233e-02 3.813063621520996094e+00 2.830964804161339998e-04 -8.443372324109077454e-03 9.999635815620422363e-01 -1.258943229913711548e-03
6.665511000000000408e+00 -4.854739829897880554e-02 -7.088486105203628540e-02 3.936037540435791016e+00 -6.883913301862776279e-04 -6.999428849667310715e-03 9.999728202819824219e-01 -2.223004586994647980e-03
6.873636000000000301e+00 -5.014343932271003723e-02 -7.306624948978424072e-02 4.058502197265625000e+00 -1.646287506446242332e-03 -5.003524012863636017e-03 9.999830722808837891e-01 -2.490600338205695152e-03
7.081884999999999764e+00 -5.197832360863685608e-02 -7.521492242813110352e-02 4.180321693420410156e+00 -2.029226627200841904e-03 -3.764257533475756645e-03 9.999887347221374512e-01 -2.084016799926757812e-03
7.290010999999999797e+00 -5.399331077933311462e-02 -7.745391875505447388e-02 4.301586627960205078e+00 -2.014844911172986031e-03 -3.841863945126533508e-03 9.999893903732299805e-01 -1.567027415148913860e-03
7.498255999999999588e+00 -5.619321018457412720e-02 -7.974716275930404663e-02 4.422603607177734375e+00 -1.795571646653115749e-03 -4.990226589143276215e-03 9.999850392341613770e-01 -1.375334104523062706e-03
7.706382999999999761e+00 -5.818588659167289734e-02 -8.181054145097732544e-02 4.543422222137451172e+00 -1.649596146307885647e-03 -5.870712921023368835e-03 9.999777674674987793e-01 -2.700375393033027649e-03
7.914632000000000112e+00 -6.013774871826171875e-02 -8.398807048797607422e-02 4.663490772247314453e+00 -1.502380124293267727e-03 -5.576890893280506134e-03 9.999829530715942383e-01 -8.467589505016803741e-04
8.122759999999999536e+00 -6.191339343786239624e-02 -8.649922907352447510e-02 4.783492565155029297e+00 -1.558443764224648476e-03 -4.114655777812004089e-03 9.999899268150329590e-01 -9.323419653810560703e-04
8.331011000000000166e+00 -6.360094994306564331e-02 -8.859441429376602173e-02 4.903311252593994141e+00 -7.983653340488672256e-04 -2.214943990111351013e-03 9.999948740005493164e-01 -2.177607035264372826e-03
8.539282000000000039e+00 -6.514370441436767578e-02 -9.071062505245208740e-02 5.022968769073486328e+00 -1.145471396739594638e-04 -2.769961021840572357e-03 9.999961256980895996e-01 -3.664708347059786320e-04
8.747509000000000867e+00 -6.686440855264663696e-02 -9.300690144300460815e-02 5.142286777496337891e+00 1.186351873911917210e-03 -5.439227446913719177e-03 9.999843239784240723e-01 6.529515958391129971e-04
8.955762999999999252e+00 -6.797660887241363525e-02 -9.525383263826370239e-02 5.261744022369384766e+00 2.416510600596666336e-03 -6.109652575105428696e-03 9.999774694442749023e-01 -1.397183863446116447e-03
9.164011999999999603e+00 -6.872821599245071411e-02 -9.733773022890090942e-02 5.381281375885009766e+00 3.309767926111817360e-03 -5.962411407381296158e-03 9.999758601188659668e-01 -1.364296651445329189e-03
9.372258999999999673e+00 -6.963324546813964844e-02 -9.940633922815322876e-02 5.501462459564208984e+00 4.536033142358064651e-03 -8.066440932452678680e-03 9.999567866325378418e-01 -9.055450791493058205e-04
9.580512999999999835e+00 -7.021899521350860596e-02 -1.015472412109375000e-01 5.621897220611572266e+00 5.634605884552001953e-03 -9.112914092838764191e-03 9.999426007270812988e-01 2.741515345405787230e-05
9.788783999999999708e+00 -7.028787583112716675e-02 -1.039394810795783997e-01 5.742338180541992188e+00 6.577123887836933136e-03 -8.540910668671131134e-03 9.999418258666992188e-01 -4.528661374934017658e-04
9.997009999999999508e+00 -7.014165073633193970e-02 -1.061048284173011780e-01 5.863115787506103516e+00 7.138913031667470932e-03 -7.511330302804708481e-03 9.999458193778991699e-01 -1.039348891936242580e-03
1.020526000000000089e+01 -6.966152042150497437e-02 -1.081532835960388184e-01 5.983866691589355469e+00 7.007530890405178070e-03 -5.670844111591577530e-03 9.999583363533020020e-01 -1.439420855604112148e-03
1.041338999999999970e+01 -6.952309608459472656e-02 -1.102331131696701050e-01 6.104484081268310547e+00 6.172476802021265030e-03 -4.139443859457969666e-03 9.999716281890869141e-01 -1.263332320377230644e-03
1.062163999999999930e+01 -6.946018338203430176e-02 -1.122038662433624268e-01 6.225300312042236328e+00 5.100449081510305405e-03 -2.663950435817241669e-03 9.999818801879882812e-01 -1.781242550350725651e-03
1.082989000000000068e+01 -6.979338079690933228e-02 -1.140906810760498047e-01 6.346070289611816406e+00 3.935273271054029465e-03 -2.412131521850824356e-03 9.999882578849792480e-01 -1.492051873356103897e-03
1.103814000000000028e+01 -7.042603194713592529e-02 -1.161646768450737000e-01 6.467201232910156250e+00 2.990304725244641304e-03 -1.212208415381610394e-03 9.999948143959045410e-01 -1.316812267759814858e-04
1.124638999999999989e+01 -7.044112682342529297e-02 -1.183603629469871521e-01 6.588597774505615234e+00 1.930681755766272545e-03 5.383158102631568909e-03 9.999830722808837891e-01 -1.108017517253756523e-03
1.145463999999999949e+01 -7.068044692277908325e-02 -1.205192655324935913e-01 6.709901332855224609e+00 6.683730753138661385e-04 1.047475077211856842e-02 9.999448657035827637e-01 -2.753589069470763206e-04
1.166301999999999950e+01 -7.189190387725830078e-02 -1.231182217597961426e-01 6.831307888031005859e+00 1.283067627809941769e-03 8.606492541730403900e-03 9.999595880508422852e-01 2.280911896377801895e-03
1.187125999999999948e+01 -7.280296832323074341e-02 -1.258765459060668945e-01 6.953378200531005859e+00 2.006554743275046349e-03 1.023186184465885162e-02 9.999454617500305176e-01 6.305173155851662159e-04
1.207963999999999949e+01 -7.286363095045089722e-02 -1.280880570411682129e-01 7.075450420379638672e+00 2.255811123177409172e-03 1.466850657016038895e-02 9.998890161514282227e-01 -1.328895566985011101e-03
1.228789000000000087e+01 -7.332866638898849487e-02 -1.301401257514953613e-01 7.197720050811767578e+00 2.715563168749213219e-03 1.461016479879617691e-02 9.998882412910461426e-01 -1.665559946559369564e-03
1.249625999999999948e+01 -7.445617020130157471e-02 -1.322632133960723877e-01 7.319851875305175781e+00 3.796067787334322929e-03 1.090564578771591187e-02 9.999333620071411133e-01 -1.807664957595989108e-04
1.270452000000000048e+01 -7.489994913339614868e-02 -1.344894468784332275e-01 7.443168163299560547e+00 4.327383358031511307e-03 8.580940775573253632e-03 9.999537467956542969e-01 -5.043250857852399349e-04
1.291278999999999932e+01 -7.544159144163131714e-02 -1.367185711860656738e-01 7.566593647003173828e+00 3.985992167145013809e-03 6.548577453941106796e-03 9.999701976776123047e-01 9.522066684439778328e-04
1.312114000000000047e+01 -7.642365992069244385e-02 -1.393191963434219360e-01 7.690737247467041016e+00 3.688379423692822456e-03 2.171406056731939316e-03 9.999865293502807617e-01 2.938511781394481659e-03
1.332939000000000007e+01 -7.763344049453735352e-02 -1.422708779573440552e-01 7.816105842590332031e+00 4.131959751248359680e-03 -1.573992776684463024e-03 9.999892711639404297e-01 1.402058638632297516e-03
1.353763999999999967e+01 -7.801306247711181641e-02 -1.446551978588104248e-01 7.941831111907958984e+00 3.791846102103590965e-03 -5.281957564875483513e-04 9.999927282333374023e-01 -1.419186010025441647e-04
1.374591000000000030e+01 -7.863062620162963867e-02 -1.470119357109069824e-01 8.067703247070312500e+00 1.951139769516885281e-03 5.845647538080811501e-04 9.999961256980895996e-01 1.916452543810009956e-03
1.395415000000000028e+01 -8.036028593778610229e-02 -1.499514281749725342e-01 8.194915771484375000e+00 8.995814714580774307e-04 -2.546336036175489426e-03 9.999870657920837402e-01 4.328969866037368774e-03
1.416252000000000066e+01 -8.233626186847686768e-02 -1.529999077320098877e-01 8.322904586791992188e+00 9.981727926060557365e-04 -5.272615700960159302e-03 9.999833106994628906e-01 2.155338879674673080e-03
1.437077000000000027e+01 -8.387419581413269043e-02 -1.557687222957611084e-01 8.451254844665527344e+00 1.244237762875854969e-03 -5.384746007621288300e-03 9.999845027923583984e-01 7.069927523843944073e-04
1.457901000000000025e+01 -8.503943681716918945e-02 -1.582935601472854614e-01 8.580460548400878906e+00 1.267418498173356056e-03 -3.250401699915528297e-03 9.999939799308776855e-01 1.302020973525941372e-04
1.478729000000000049e+01 -8.595868945121765137e-02 -1.606473773717880249e-01 8.710327148437500000e+00 1.615437096916139126e-03 -3.564327780622988939e-04 9.999986290931701660e-01 -3.793850482907146215e-04
1.499552000000000085e+01 -8.661672472953796387e-02 -1.628763526678085327e-01 8.840797424316406250e+00 1.936449669301509857e-03 3.091927152127027512e-03 9.999927878379821777e-01 -1.077906112186610699e-03
1.520378999999999969e+01 -8.807174861431121826e-02 -1.654863953590393066e-01 8.971391677856445312e+00 2.298437291756272316e-03 -1.547189545817673206e-03 9.999898076057434082e-01 3.576541552320122719e-03
1.541214000000000084e+01 -9.018664807081222534e-02 -1.686079949140548706e-01 9.103432655334472656e+00 3.554360475391149521e-03 -1.003911439329385757e-02 9.999417662620544434e-01 1.775063225068151951e-03
1.562039000000000044e+01 -9.081179648637771606e-02 -1.710523217916488647e-01 9.236242294311523438e+00 3.621392883360385895e-03 -9.522453881800174713e-03 9.999480843544006348e-01 4.854858852922916412e-04
1.582864000000000004e+01 -9.112083166837692261e-02 -1.736637502908706665e-01 9.369317054748535156e+00 2.562539651989936829e-03 -6.881620734930038452e-03 9.999727010726928711e-01 7.851886330172419548e-04
1.603677000000000064e+01 -9.230186790227890015e-02 -1.763673871755599976e-01 9.502551078796386719e+00 2.276197541505098343e-03 -7.795003242790699005e-03 9.999666213989257812e-01 9.468079661019146442e-04
1.624502000000000024e+01 -9.330003708600997925e-02 -1.792133301496505737e-01 9.636844635009765625e+00 2.045663772150874138e-03 -8.120794780552387238e-03 9.999647140502929688e-01 7.105855038389563560e-04
1.645326999999999984e+01 -9.466473013162612915e-02 -1.818810105323791504e-01 9.771747589111328125e+00 1.759453909471631050e-03 -7.536945398896932602e-03 9.999691843986511230e-01 1.349509460851550102e-03
1.666151999999999944e+01 -9.586513787508010864e-02 -1.846680790185928345e-01 9.907171249389648438e+00 1.446887617930769920e-03 -7.856238633394241333e-03 9.999669194221496582e-01 1.503643812611699104e-03
1.686965000000000003e+01 -9.719005227088928223e-02 -1.875926554203033447e-01 1.004410934448242188e+01 1.102670445106923580e-03 -8.405030705034732819e-03 9.999625682830810547e-01 1.748682232573628426e-03
1.707789000000000001e+01 -9.855888783931732178e-02 -1.904873698949813843e-01 1.018165493011474609e+01 7.392452098429203033e-04 -8.515862748026847839e-03 9.999619722366333008e-01 1.762563246302306652e-03
1.728613999999999962e+01 -1.000505462288856506e-01 -1.934130042791366577e-01 1.031949996948242188e+01 7.169609889388084412e-04 -7.425278425216674805e-03 9.999703764915466309e-01 1.916813780553638935e-03
1.749439999999999884e+01 -1.011481657624244690e-01 -1.963835358619689941e-01 1.045787620544433594e+01 7.940623909235000610e-04 -6.039844825863838196e-03 9.999805092811584473e-01 1.394015271216630936e-03
1.770251999999999981e+01 -1.024802997708320618e-01 -1.993779391050338745e-01 1.059629440307617188e+01 7.460621418431401253e-04 -6.332366727292537689e-03 9.999786615371704102e-01 1.442363136447966099e-03
1.791065000000000040e+01 -1.038706675171852112e-01 -2.024331539869308472e-01 1.073566436767578125e+01 1.111851539462804794e-03 -7.237987127155065536e-03 9.999722242355346680e-01 1.411530654877424240e-03
1.811890000000000001e+01 -1.054533645510673523e-01 -2.051599174737930298e-01 1.087572288513183594e+01 1.804829458706080914e-03 -7.288605906069278717e-03 9.999718070030212402e-01 1.968784927157685161e-04
1.832702000000000098e+01 -1.065134778618812561e-01 -2.079737484455108643e-01 1.101581478118896484e+01 2.343778032809495926e-03 -7.595923263579607010e-03 9.999670386314392090e-01 1.678905682638287544e-03
1.853536000000000072e+01 -1.075678467750549316e-01 -2.110796421766281128e-01 1.115663814544677734e+01 2.510919002816081047e-03 -7.813630625605583191e-03 9.999659657478332520e-01 8.899516542442142963e-04
1.874348000000000170e+01 -1.085542514920234680e-01 -2.140098363161087036e-01 1.129760742187500000e+01 2.289548050612211227e-03 -8.200789801776409149e-03 9.999635219573974609e-01 6.986951339058578014e-04
1.895165000000000077e+01 -1.096326038241386414e-01 -2.167847156524658203e-01 1.143947315216064453e+01 2.422062680125236511e-03 -9.522965177893638611e-03 9.999516010284423828e-01 5.688652163371443748e-04
1.915964999999999918e+01 -1.107726693153381348e-01 -2.194775789976119995e-01 1.158190822601318359e+01 2.434895606711506844e-03 -9.020038880407810211e-03 9.999563097953796387e-01 3.647673001978546381e-04
1.936786999999999992e+01 -1.112957373261451721e-01 -2.220264822244644165e-01 1.172448539733886719e+01 2.380091929808259010e-03 -6.935839541256427765e-03 9.999730587005615234e-01 -3.599906340241432190e-04
1.957590000000000074e+01 -1.120587065815925598e-01 -2.246857136487960815e-01 1.186711883544921875e+01 2.138295443728566170e-03 -5.502450745552778244e-03 9.999824762344360352e-01 4.252515209373086691e-04
1.978402000000000172e+01 -1.128127351403236389e-01 -2.273326963186264038e-01 1.201021575927734375e+01 2.532701939344406128e-03 -3.535671392455697060e-03 9.999895691871643066e-01 -1.387680065818130970e-03
1.999212999999999951e+01 -1.134607121348381042e-01 -2.295484244823455811e-01 1.215324115753173828e+01 2.722166478633880615e-03 -2.854567719623446465e-03 9.999921321868896484e-01 -4.484551900532096624e-04
2.020015000000000072e+01 -1.145865842700004578e-01 -2.321609407663345337e-01 1.229648494720458984e+01 3.518962068483233452e-03 -4.101748578250408173e-03 9.999853372573852539e-01 -3.314195491839200258e-04
2.040827000000000169e+01 -1.155410408973693848e-01 -2.350369542837142944e-01 1.243995189666748047e+01 4.459806252270936966e-03 -5.576728843152523041e-03 9.999744892120361328e-01 -8.349100244231522083e-05
2.061639999999999873e+01 -1.161654070019721985e-01 -2.378307431936264038e-01 1.258337402343750000e+01 5.307450424879789352e-03 -6.277850829064846039e-03 9.999662041664123535e-01 4.171321343164891005e-04
2.082451999999999970e+01 -1.160693913698196411e-01 -2.406092882156372070e-01 1.272698497772216797e+01 6.126236636191606522e-03 -5.501780193299055099e-03 9.999660253524780273e-01 4.661029961425811052e-04
2.103277999999999892e+01 -1.159790307283401489e-01 -2.434350550174713135e-01 1.287035274505615234e+01 6.647313013672828674e-03 -4.436085000634193420e-03 9.999680519104003906e-01 -1.877213071566075087e-04
2.124088000000000065e+01 -1.156771630048751831e-01 -2.463280558586120605e-01 1.301426219940185547e+01 6.491082254797220230e-03 -3.555011469870805740e-03 9.999704360961914062e-01 2.085842890664935112e-03
2.144889999999999830e+01 -1.154141202569007874e-01 -2.493862658739089966e-01 1.315869808197021484e+01 5.692247301340103149e-03 -3.206930356100201607e-03 9.999763965606689453e-01 2.135530812665820122e-03
2.165701999999999927e+01 -1.156724169850349426e-01 -2.526026964187622070e-01 1.330365085601806641e+01 4.918027203530073166e-03 -3.404890652745962143e-03 9.999788403511047363e-01 2.577571896836161613e-03
2.186503000000000085e+01 -1.160860136151313782e-01 -2.559114992618560791e-01 1.344999313354492188e+01 4.153145011514425278e-03 -3.283745376393198967e-03 9.999834299087524414e-01 2.257426269352436066e-03
2.207317000000000107e+01 -1.168490797281265259e-01 -2.590033411979675293e-01 1.359682655334472656e+01 3.420915454626083374e-03 -3.921985160559415817e-03 9.999859929084777832e-01 9.759766981005668640e-04
2.228115000000000023e+01 -1.175628602504730225e-01 -2.619252204895019531e-01 1.374476814270019531e+01 4.224399570375680923e-03 -4.385000560432672501e-03 9.999809265136718750e-01 1.046463730745017529e-03
2.248927000000000120e+01 -1.178905889391899109e-01 -2.648951709270477295e-01 1.389377975463867188e+01 4.485594574362039566e-03 -2.749600447714328766e-03 9.999848604202270508e-01 1.617433852516114712e-03
2.269742000000000104e+01 -1.183601990342140198e-01 -2.681373953819274902e-01 1.404295921325683594e+01 4.628204740583896637e-03 -1.905254204757511616e-03 9.999827146530151367e-01 3.094633342698216438e-03
2.290540000000000020e+01 -1.191235482692718506e-01 -2.715475261211395264e-01 1.419329452514648438e+01 2.512521110475063324e-03 -2.729509025812149048e-03 9.999877810478210449e-01 3.268660511821508408e-03
2.311348999999999876e+01 -1.201953962445259094e-01 -2.746438682079315186e-01 1.434524631500244141e+01 2.602168824523687363e-03 -2.553639467805624008e-03 9.999933838844299316e-01 2.000156964641064405e-04
2.332140000000000057e+01 -1.209821254014968872e-01 -2.774083912372589111e-01 1.449674701690673828e+01 2.856764942407608032e-03 -1.601061783730983734e-03 9.999945759773254395e-01 4.498131747823208570e-04
2.352955000000000041e+01 -1.215464025735855103e-01 -2.803651988506317139e-01 1.464885807037353516e+01 3.088227473199367523e-03 -1.121121225878596306e-03 9.999946355819702148e-01 3.128462703898549080e-04
2.373752999999999957e+01 -1.223804578185081482e-01 -2.835106849670410156e-01 1.480114078521728516e+01 3.568981541320681572e-03 -1.923699746839702129e-03 9.999914765357971191e-01 8.012797916308045387e-04
2.394565000000000055e+01 -1.228041127324104309e-01 -2.868615090847015381e-01 1.495332908630371094e+01 4.313332028687000275e-03 -1.666734926402568817e-03 9.999893307685852051e-01 1.094586914405226707e-04
2.415367000000000175e+01 -1.227981150150299072e-01 -2.899161875247955322e-01 1.510465240478515625e+01 4.300035070627927780e-03 -6.581603665836155415e-04 9.999905824661254883e-01 2.374926552874967456e-04
2.436177999999999955e+01 -1.232080981135368347e-01 -2.931078970432281494e-01 1.525562000274658203e+01 4.161355551332235336e-03 -2.234602114185690880e-03 9.999881982803344727e-01 1.180740073323249817e-03
2.456978000000000151e+01 -1.238227188587188721e-01 -2.965150177478790283e-01 1.540643405914306641e+01 3.421952016651630402e-03 -3.797773970291018486e-03 9.999840259552001953e-01 2.414796967059373856e-03
2.477789999999999893e+01 -1.249179020524024963e-01 -2.996245324611663818e-01 1.555724143981933594e+01 2.458269940689206123e-03 -4.703632555902004242e-03 9.999857544898986816e-01 -6.625631940551102161e-04
2.498601999999999990e+01 -1.261478364467620850e-01 -3.025529384613037109e-01 1.570716667175292969e+01 8.986791362985968590e-04 -4.646592307835817337e-03 9.999885559082031250e-01 7.153755868785083294e-04
2.519415000000000049e+01 -1.277220845222473145e-01 -3.056885600090026855e-01 1.585682773590087891e+01 -4.099456709809601307e-04 -3.261333564296364784e-03 9.999946355819702148e-01 -2.321431529708206654e-04
2.540240000000000009e+01 -1.295643448829650879e-01 -3.086240291595458984e-01 1.600620841979980469e+01 -7.438398897647857666e-04 -2.852566773071885109e-03 9.999954700469970703e-01 6.106462678872048855e-04
2.561054000000000030e+01 -1.314766407012939453e-01 -3.116998970508575439e-01 1.615588951110839844e+01 -7.102584349922835827e-04 -2.598240040242671967e-03 9.999961256980895996e-01 7.666445453651249409e-04
2.581865000000000165e+01 -1.332910507917404175e-01 -3.149604201316833496e-01 1.630523490905761719e+01 -8.230268140323460102e-04 -2.253640908747911453e-03 9.999962449073791504e-01 1.375052495859563351e-03
2.602697999999999823e+01 -1.350416243076324463e-01 -3.184815645217895508e-01 1.645505523681640625e+01 -8.038061787374317646e-04 -2.220454625785350800e-03 9.999958872795104980e-01 1.641339622437953949e-03
2.623505000000000109e+01 -1.368342489004135132e-01 -3.217320144176483154e-01 1.660494995117187500e+01 -7.832361152395606041e-04 -7.189867901615798473e-04 9.999984502792358398e-01 1.410250784829258919e-03
2.644329000000000107e+01 -1.385555863380432129e-01 -3.249596357345581055e-01 1.675481605529785156e+01 -7.396891014650464058e-04 1.939420471899211407e-04 9.999985098838806152e-01 1.546960673294961452e-03
2.665140999999999849e+01 -1.402738094329833984e-01 -3.283838629722595215e-01 1.690481758117675781e+01 -4.011014825664460659e-04 -1.148271723650395870e-03 9.999982714653015137e-01 1.452894648537039757e-03
2.686258000000000123e+01 -1.418512612581253052e-01 -3.318327665328979492e-01 1.705578804016113281e+01 -6.210845458554103971e-05 -1.940989168360829353e-03 9.999974966049194336e-01 1.108148950152099133e-03
2.706782000000000110e+01 -1.434663981199264526e-01 -3.350083231925964355e-01 1.720731925964355469e+01 7.876542076701298356e-05 -1.921683084219694138e-03 9.999967813491821289e-01 1.681542140431702137e-03
2.727606000000000108e+01 -1.453491002321243286e-01 -3.381826579570770264e-01 1.736004829406738281e+01 3.545296785887330770e-04 -2.811143407598137856e-03 9.999945759773254395e-01 1.686630654148757458e-03
2.748470000000000013e+01 -1.469035595655441284e-01 -3.412236273288726807e-01 1.751282691955566406e+01 6.088852533139288425e-04 -4.324975889176130295e-03 9.999888539314270020e-01 1.797917648218572140e-03
2.769253000000000142e+01 -1.488158404827117920e-01 -3.446652591228485107e-01 1.766538238525390625e+01 9.058558498509228230e-04 -5.135927349328994751e-03 9.999842643737792969e-01 2.054172335192561150e-03
2.790067000000000164e+01 -1.505009233951568604e-01 -3.480508923530578613e-01 1.781880950927734375e+01 1.165087451227009296e-03 -6.250431295484304428e-03 9.999788403511047363e-01 1.403559581376612186e-03
