0.000000000000000000e+00 -5.551114999999999755e-17 0.000000000000000000e+00 2.220445999999999902e-16 0.000000000000000000e+00 0.000000000000000000e+00 0.000000000000000000e+00 1.000000000000000000e+00
2.082536000000000109e-01 4.448325999999999734e-04 -4.203318000000000332e-02 2.625299000000000049e+00 -9.300872675355458148e-04 -2.761446996323708406e-04 8.234311686707883934e-04 9.999991903211176147e-01
4.166248000000000173e-01 2.777892000000000122e-03 -8.483760999999999386e-02 5.261016999999999832e+00 -4.076433574278281796e-04 -3.209597896163404133e-04 1.817808287884044045e-03 9.999982131907714233e-01
6.250035999999999925e-01 7.571022000000000168e-03 -1.165873999999999938e-01 7.908775000000000333e+00 -1.347796606865462026e-03 -2.047845852995783180e-04 2.752315457442904706e-03 9.999952831224769856e-01
8.332524000000000042e-01 7.728338999999999868e-03 -1.497649000000000064e-01 1.056963000000000008e+01 -9.345467561906053251e-04 -4.280724979670644920e-04 2.315842973101321124e-03 9.999967901186590513e-01
1.041630000000000056e+00 3.419394999999999987e-03 -1.767479999999999885e-01 1.324207999999999963e+01 8.627266361012635339e-04 -3.102677532029259489e-04 -7.720623178239346051e-04 9.999992816779669225e-01
1.250002999999999975e+00 -5.851755000000000151e-03 -2.177601999999999871e-01 1.593065999999999960e+01 4.369435695386994262e-04 -1.923385855467458160e-04 -2.594999793593213890e-03 9.999965190250700298e-01
1.458401000000000058e+00 4.827890000000000154e-04 -2.537475000000000147e-01 1.863468999999999909e+01 -1.999054691157581796e-03 1.271438390582353521e-04 4.494396395819585661e-04 9.999978928071783235e-01
1.666754000000000069e+00 4.134686000000000264e-03 -2.931092000000000142e-01 2.134127000000000152e+01 2.766663527494574756e-04 -1.167264365442212431e-04 2.559607517191695922e-03 9.999966791144989653e-01
1.875129000000000046e+00 -7.369324000000000013e-03 -3.468119000000000063e-01 2.407209999999999894e+01 3.829925085992610901e-04 6.227399320945747841e-04 -7.100416945723986609e-05 9.999997302350253081e-01
2.083502000000000187e+00 -5.061180999999999666e-03 -3.871398999999999813e-01 2.682029999999999959e+01 -2.732037719648011849e-03 1.186051172079461390e-03 5.222076556899664162e-04 9.999954282653901183e-01
2.291881000000000057e+00 5.281593000000000225e-03 -4.328976999999999964e-01 2.957011999999999929e+01 -6.556503517021531040e-04 9.943958248406943590e-04 2.965978260534117041e-03 9.999948921232139076e-01
2.500256999999999952e+00 6.827075999999999631e-03 -4.850132999999999805e-01 3.233530999999999977e+01 6.951310162844883886e-04 1.585645230044363009e-03 1.433237361974863027e-03 9.999974741731797456e-01
2.708628000000000036e+00 1.017340000000000085e-02 -5.431160000000000432e-01 3.511082999999999998e+01 1.982452225098722213e-03 1.748200575862619626e-03 5.141921062998205212e-04 9.999963746356285155e-01
2.916881000000000057e+00 1.511477999999999954e-02 -5.999006000000000061e-01 3.790588999999999942e+01 3.036809682597876484e-05 1.493070718812978311e-03 9.452380626954756204e-05 9.999988804408023180e-01
3.125255999999999812e+00 1.942949000000000065e-02 -6.437119999999999509e-01 4.070436999999999728e+01 2.767350787523927490e-04 1.551410672953222472e-03 -2.525357717689155276e-03 9.999955695456945737e-01
3.333502000000000187e+00 2.134430999999999828e-02 -6.941319999999999713e-01 4.351858000000000004e+01 -1.201750149901157911e-04 1.421324941103501837e-03 -4.154366816904781282e-03 9.999903532683342977e-01
3.541754000000000069e+00 3.086035999999999987e-02 -7.390250000000000430e-01 4.634127000000000152e+01 4.009702298498266765e-04 8.617593206273706013e-04 -3.212792040469695642e-03 9.999943872647749643e-01
3.750007000000000090e+00 3.359220999999999735e-02 -7.839855999999999492e-01 4.917963000000000306e+01 -3.959616683229372062e-04 -1.217882086316799051e-04 -3.005248625059252481e-03 9.999953984207585744e-01
3.958276000000000128e+00 2.895794999999999966e-02 -8.265407999999999644e-01 5.202830999999999761e+01 -3.328820912615747425e-04 -1.240852852696089923e-03 -3.318734086801201910e-03 9.999936677188369094e-01
4.166506000000000043e+00 2.082938000000000150e-02 -8.668316000000000354e-01 5.488463999999999743e+01 -1.454524285063368968e-03 -2.197712137175018843e-03 -2.745369326659460440e-03 9.999927586576444760e-01
4.374755999999999645e+00 1.322910000000000058e-02 -9.072441999999999451e-01 5.774549999999999983e+01 -1.196008085971424131e-03 -2.828260088354439192e-03 -8.563101479558991522e-04 9.999949186083206820e-01
4.583131999999999984e+00 6.524254999999999638e-03 -9.446035000000000403e-01 6.060318000000000183e+01 -1.737149900609380156e-03 -2.649673817847599065e-03 4.228503852258270459e-04 9.999948913551675034e-01
4.791383999999999865e+00 -1.308242999999999949e-03 -9.878099999999999659e-01 6.345197999999999894e+01 -1.838834054703352002e-03 -2.240913992973530416e-03 1.900406961331963136e-03 9.999939927055445654e-01
4.999629999999999797e+00 -5.953934000000000136e-03 -1.029700000000000060e+00 6.628940000000000055e+01 -1.130247428327556172e-03 -1.676854441462020994e-03 2.612141788704369291e-03 9.999945436927188958e-01
5.207868999999999637e+00 -1.936440000000000036e-02 -1.076074999999999893e+00 6.911593000000000586e+01 -1.825555382222621148e-03 -1.033793302712081828e-03 3.259560548010191042e-04 9.999977461832623149e-01
5.416244999999999976e+00 -3.513441999999999954e-02 -1.118230999999999975e+00 7.193977999999999895e+01 -2.754526864028696443e-03 -2.735437836000559429e-04 -3.329244522296885729e-03 9.999906268993047354e-01
5.624505000000000088e+00 -4.677589000000000052e-02 -1.153310999999999975e+00 7.474245000000000516e+01 -2.313495814596968920e-03 4.087253212670684775e-04 -7.109601718757611703e-03 9.999719667291320224e-01
5.832639000000000351e+00 -5.458510999999999919e-02 -1.197942000000000062e+00 7.754079000000000121e+01 -2.243938375538812730e-03 9.231726946273464095e-04 -8.321215319676096220e-03 9.999624342285794443e-01
6.040888999999999953e+00 -4.954250000000000320e-02 -1.236655000000000060e+00 8.032545000000000357e+01 -1.849233958400639923e-03 9.665441169056708613e-04 -7.120133866051066643e-03 9.999724745311577845e-01
6.249010000000000176e+00 -4.838806999999999831e-02 -1.278675999999999924e+00 8.309721000000000402e+01 -1.921457542420756427e-03 7.112435236265850919e-04 -6.768616581041694662e-03 9.999749936689128482e-01
6.457259999999999778e+00 -6.072004000000000290e-02 -1.320244999999999891e+00 8.586562000000000694e+01 -1.841190738436116218e-03 8.115697501760314779e-05 -6.717705811951855607e-03 9.999757376350857374e-01
6.665511000000000408e+00 -8.437619999999999842e-02 -1.362981999999999916e+00 8.862909000000000503e+01 -2.724135898680131972e-03 -9.538872285740769260e-04 -5.462824455588810406e-03 9.999809131837108511e-01
6.873636000000000301e+00 -1.110474999999999934e-01 -1.399780999999999942e+00 9.137524000000000513e+01 -3.164763118315297354e-03 -1.866588583780903147e-03 -3.395765459090296402e-03 9.999874843708853600e-01
7.081884999999999764e+00 -1.454602999999999868e-01 -1.435964000000000018e+00 9.410339000000000453e+01 -2.567232482687040098e-03 -2.239746280799474742e-03 -2.135375955968302035e-03 9.999919164790801451e-01
7.290010999999999797e+00 -1.913409000000000082e-01 -1.476212999999999997e+00 9.681382000000000687e+01 -2.029916011123629026e-03 -2.248521799203589012e-03 -2.364741056205574114e-03 9.999926157679577265e-01
7.498255999999999588e+00 -2.344055999999999917e-01 -1.517682999999999893e+00 9.951512999999999920e+01 -1.755612969290334772e-03 -1.944685451758183413e-03 -3.527040315522771922e-03 9.999903479575230625e-01
7.706382999999999761e+00 -2.694020999999999777e-01 -1.556017999999999901e+00 1.022053999999999974e+02 -3.222173179376597828e-03 -1.743391876718064200e-03 -4.411361063942788492e-03 9.999835589040099171e-01
7.914632000000000112e+00 -3.053255999999999748e-01 -1.596046000000000076e+00 1.048845000000000027e+02 -1.246721869621020707e-03 -1.674212871950506382e-03 -4.084891812975797142e-03 9.999894781220027840e-01
8.122759999999999536e+00 -3.343086000000000113e-01 -1.638432000000000111e+00 1.075652999999999935e+02 -1.312952831301134309e-03 -1.623144914484098231e-03 -2.750349681715488770e-03 9.999940385482692928e-01
8.331011000000000166e+00 -3.737761000000000000e-01 -1.686738999999999988e+00 1.102446000000000055e+02 -2.702605935528740698e-03 -8.568669720755223628e-04 -7.784201144722767548e-04 9.999956778717969952e-01
8.539282000000000039e+00 -4.137128999999999945e-01 -1.733997000000000011e+00 1.129050000000000011e+02 -7.781999299181233338e-04 -1.678815721457259933e-04 -1.290471029508147294e-03 9.999988504519238264e-01
8.747509000000000867e+00 -4.295899000000000245e-01 -1.775004000000000026e+00 1.155601000000000056e+02 4.336162151606717807e-04 1.082290481376678177e-03 -3.784659402149079775e-03 9.999921584580058198e-01
8.955762999999999252e+00 -4.334150999999999976e-01 -1.811793999999999905e+00 1.182274000000000029e+02 -1.874171742652901412e-03 2.325174065042014473e-03 -4.544369567504049322e-03 9.999852147662385837e-01
9.164011999999999603e+00 -4.334145999999999832e-01 -1.846322000000000019e+00 1.209044999999999987e+02 -1.848391810459845946e-03 3.226574050898400794e-03 -4.299614964967941703e-03 9.999838428588543326e-01
9.372258999999999673e+00 -4.560743999999999909e-01 -1.910029999999999895e+00 1.236242000000000019e+02 -1.426057280873343136e-03 4.416155649639183327e-03 -6.196603308051698913e-03 9.999700325696528891e-01
9.580512999999999835e+00 -4.641329000000000149e-01 -1.966294999999999904e+00 1.263371000000000066e+02 -6.092573356959916052e-04 5.521357452492845451e-03 -7.119660040950574406e-03 9.999592260978854563e-01
9.788783999999999708e+00 -4.718093999999999899e-01 -2.038342999999999794e+00 1.290495999999999981e+02 -8.658057972046742179e-04 6.359662868350816900e-03 -6.438048587710044728e-03 9.999586774456757921e-01
9.997009999999999508e+00 -4.701254000000000266e-01 -2.099489000000000161e+00 1.317556999999999903e+02 -1.655630353352917188e-03 6.939357542112069809e-03 -5.457560351340663349e-03 9.999596588063175417e-01
1.020526000000000089e+01 -4.651027999999999829e-01 -2.162932000000000077e+00 1.344613999999999976e+02 -2.101361057627838640e-03 6.766848349076276352e-03 -3.585719668877815781e-03 9.999684678326522524e-01
1.041338999999999970e+01 -4.644952999999999999e-01 -2.226309000000000093e+00 1.371605999999999881e+02 -1.873314148049805110e-03 5.870985916817941450e-03 -2.035362836167719462e-03 9.999789395365247247e-01
1.062163999999999930e+01 -4.641807000000000016e-01 -2.281749000000000027e+00 1.398625999999999863e+02 -2.529316589116183556e-03 4.826779184513116383e-03 -6.262474327358141107e-04 9.999849561740661308e-01
1.082989000000000068e+01 -4.704574000000000256e-01 -2.341886000000000134e+00 1.425621999999999900e+02 -2.252955494186935793e-03 3.550827146594026738e-03 -1.226382567880090156e-04 9.999911503498285503e-01
1.103814000000000028e+01 -4.789012999999999742e-01 -2.395023999999999820e+00 1.452578000000000031e+02 -1.114027762957777541e-03 2.538423970102253891e-03 8.842994955680188703e-04 9.999957666711860593e-01
1.124638999999999989e+01 -4.844149999999999845e-01 -2.462969000000000186e+00 1.479538000000000011e+02 -1.794212415036483153e-03 1.414100779133629741e-03 7.045495775091086509e-03 9.999725706788559210e-01
1.145463999999999949e+01 -4.887986000000000275e-01 -2.518616999999999884e+00 1.506480999999999995e+02 -1.055768885660997346e-03 7.985225940107026552e-05 1.252564208883281092e-02 9.999209905117196762e-01
1.166301999999999950e+01 -5.139896999999999938e-01 -2.581792000000000087e+00 1.533372999999999990e+02 1.829202489164617708e-03 6.047000999390918403e-04 1.079550165203479323e-02 9.999398709423099607e-01
1.187125999999999948e+01 -5.188374000000000041e-01 -2.641449000000000158e+00 1.560329000000000121e+02 2.554410115657526105e-04 1.301666609147370717e-03 1.203090637035103723e-02 9.999267461698561066e-01
1.207963999999999949e+01 -4.996047000000000127e-01 -2.689150000000000151e+00 1.587318999999999960e+02 -1.721067290600473325e-03 1.564555887483372624e-03 1.683323603464592644e-02 9.998556057035727918e-01
1.228789000000000087e+01 -4.848759000000000263e-01 -2.736779999999999990e+00 1.614290000000000020e+02 -2.091651713491001884e-03 1.946705920510173908e-03 1.695399117154727103e-02 9.998521878320434375e-01
1.249625999999999948e+01 -4.767802999999999902e-01 -2.787253999999999898e+00 1.641295000000000073e+02 -7.195675622453295622e-04 3.005991313112587032e-03 1.327080477542640254e-02 9.999071616802039930e-01
1.270452000000000048e+01 -4.599264000000000130e-01 -2.835557999999999801e+00 1.668389999999999986e+02 -9.726779756120289061e-04 3.583497296774790664e-03 1.084771822628134361e-02 9.999342675666051949e-01
1.291278999999999932e+01 -4.424437999999999982e-01 -2.886559999999999793e+00 1.695602000000000089e+02 3.263348080958947345e-04 3.214395691721917258e-03 9.067965206983835333e-03 9.999536655130251139e-01
1.312114000000000047e+01 -4.111542999999999726e-01 -2.932730999999999977e+00 1.722840999999999951e+02 2.424331127132013739e-03 2.858363966991047615e-03 4.873669349965314285e-03 9.999810996819320508e-01
1.332939000000000007e+01 -3.779300999999999910e-01 -2.986448000000000214e+00 1.750290999999999997e+02 7.559003494431921523e-04 3.282944203208796458e-03 9.165413101059593495e-04 9.999939054034515662e-01
1.353763999999999967e+01 -3.405308000000000224e-01 -3.013913000000000064e+00 1.777852000000000032e+02 -9.020544123185086612e-04 2.956720836640003292e-03 2.167145196823775689e-03 9.999928737653216437e-01
1.374591000000000030e+01 -3.136545000000000027e-01 -3.041122999999999799e+00 1.805420000000000016e+02 1.222935521154474908e-03 1.080611164518769686e-03 3.655999817014557191e-03 9.999919851546609229e-01
1.395415000000000028e+01 -3.140564000000000133e-01 -3.088157999999999959e+00 1.833097999999999956e+02 3.934415207601222805e-03 3.522959626232563079e-05 7.361496739476361580e-04 9.999919885776623607e-01
1.416252000000000066e+01 -3.141304999999999792e-01 -3.137554999999999872e+00 1.860994000000000028e+02 1.702540435685531922e-03 1.203765028058502874e-04 -2.151569924875817736e-03 9.999962287990994403e-01
1.437077000000000027e+01 -3.089327000000000045e-01 -3.193944999999999812e+00 1.889002999999999872e+02 2.077796033370826907e-04 3.670061614407621421e-04 -2.224290760541603514e-03 9.999974373290794194e-01
1.457901000000000025e+01 -3.030042000000000013e-01 -3.250529999999999919e+00 1.917127999999999872e+02 -4.002577302062314724e-04 3.315780207692935817e-04 -1.834954551296702702e-04 9.999998480895800901e-01
1.478729000000000049e+01 -2.979338000000000264e-01 -3.314134999999999831e+00 1.945397000000000105e+02 -8.845539094594370667e-04 6.871220664884709504e-04 2.646564893874410376e-03 9.999958705524287783e-01
1.499552000000000085e+01 -2.955048000000000119e-01 -3.384557000000000038e+00 1.973808999999999969e+02 -1.802236539785263608e-03 1.010237093699762560e-03 6.400760050433119616e-03 9.999773805618032974e-01
1.520378999999999969e+01 -3.150033999999999890e-01 -3.471363000000000198e+00 2.002241999999999962e+02 3.113364436991751787e-03 1.346029539895811106e-03 2.206589081012309828e-03 9.999918130319805920e-01
1.541214000000000084e+01 -3.485808000000000240e-01 -3.555575999999999848e+00 2.030947999999999922e+02 1.246145965692196716e-03 2.659844739291424270e-03 -6.592502030264154982e-03 9.999739552924246100e-01
1.562039000000000044e+01 -3.481358999999999981e-01 -3.604083000000000148e+00 2.059704000000000121e+02 7.007755905797917744e-05 2.778762461014050878e-03 -6.313097462585025126e-03 9.999762089013660704e-01
1.582864000000000004e+01 -3.421980000000000022e-01 -3.650885999999999854e+00 2.088678999999999917e+02 8.382223073659104593e-05 1.632986533149612032e-03 -3.528244604185723846e-03 9.999924388808296705e-01
1.603677000000000064e+01 -3.479510000000000103e-01 -3.708944999999999936e+00 2.117848999999999933e+02 4.531545910711970784e-04 1.321956780096636809e-03 -4.432433137367626334e-03 9.999892002505181843e-01
1.624502000000000024e+01 -3.575808999999999793e-01 -3.778064999999999785e+00 2.147142000000000053e+02 3.124355126282188854e-05 1.143980963362482839e-03 -4.764119919144754051e-03 9.999879966743560056e-01
1.645326999999999984e+01 -3.559811999999999976e-01 -3.837086999999999914e+00 2.176614999999999895e+02 7.801458303394087678e-04 8.471062016358818503e-04 -4.178986453986840294e-03 9.999906048837580164e-01
1.666151999999999944e+01 -3.669046999999999725e-01 -3.899694000000000216e+00 2.206192000000000064e+02 8.813641321185646102e-04 4.508182061445173286e-04 -4.371464663380223402e-03 9.999899550780038116e-01
1.686965000000000003e+01 -3.755067999999999739e-01 -3.961695999999999884e+00 2.235894000000000119e+02 9.874408283240647399e-04 1.789038513937879135e-04 -4.946237557781235292e-03 9.999872637629164673e-01
1.707789000000000001e+01 -3.787707000000000157e-01 -4.017066999999999943e+00 2.265690999999999917e+02 1.133098785644320568e-03 -1.245410981804660484e-04 -5.019266559530953346e-03 9.999867536821981373e-01
1.728613999999999962e+01 -3.786613999999999813e-01 -4.075078000000000422e+00 2.295510999999999910e+02 1.382897946781072715e-03 -1.234227419028460543e-04 -3.920366037737614030e-03 9.999913515077146764e-01
1.749439999999999884e+01 -3.745701000000000169e-01 -4.124994000000000050e+00 2.325421000000000049e+02 8.330125238556086850e-04 5.855538701918149773e-05 -2.560121767577636705e-03 9.999963742123956223e-01
1.770251999999999981e+01 -3.764692000000000038e-01 -4.186333000000000304e+00 2.355389999999999873e+02 6.948626499315967977e-04 1.196533788207160182e-05 -2.668989570734938560e-03 9.999961967514675587e-01
1.791065000000000040e+01 -3.814943000000000084e-01 -4.253314999999999735e+00 2.385499000000000080e+02 9.151767997021675177e-04 3.873569668871452141e-04 -3.650052245195487596e-03 9.999928447367076867e-01
1.811890000000000001e+01 -3.820923999999999987e-01 -4.315102999999999689e+00 2.415712000000000046e+02 -4.898144900564581784e-04 9.656887847961312128e-04 -3.673091660340709053e-03 9.999926679354158576e-01
1.832702000000000098e+01 -3.796393000000000129e-01 -4.377646000000000370e+00 2.446020000000000039e+02 9.892046453016621870e-04 1.478952163071013031e-03 -3.781066169132833200e-03 9.999912688185301768e-01
1.853536000000000072e+01 -3.721572000000000213e-01 -4.432021999999999906e+00 2.476476999999999862e+02 2.917026342837252808e-04 1.664617476630705353e-03 -4.050397438044371461e-03 9.999903690730344019e-01
1.874348000000000170e+01 -3.658944000000000085e-01 -4.487063000000000024e+00 2.506964000000000112e+02 -2.432359686001760700e-04 1.398038290454742608e-03 -4.253295526992675879e-03 9.999899478506583117e-01
1.895165000000000077e+01 -3.598898999999999848e-01 -4.535745000000000360e+00 2.537570000000000050e+02 -3.064991668644600283e-04 1.520480117060134424e-03 -5.476158794321543503e-03 9.999838028104923726e-01
1.915964999999999918e+01 -3.518993999999999733e-01 -4.584939999999999571e+00 2.568229999999999791e+02 -4.776560672044861933e-04 1.469889826390257054e-03 -4.987222311077960622e-03 9.999863693482025084e-01
1.936786999999999992e+01 -3.407994999999999775e-01 -4.637603999999999616e+00 2.599003000000000156e+02 -1.436945949810987258e-03 1.451756048924982131e-03 -2.826617933089703178e-03 9.999939188923963052e-01
1.957590000000000074e+01 -3.291337999999999764e-01 -4.686550999999999689e+00 2.629730999999999881e+02 -3.399565766519614066e-04 1.153257023075927217e-03 -1.444130275463625717e-03 9.999982344561972880e-01
1.978402000000000172e+01 -3.249045999999999879e-01 -4.748173000000000421e+00 2.660572000000000230e+02 -2.505664388618435504e-03 1.664733244897324480e-03 5.753596064801858875e-05 9.999954734891592922e-01
1.999212999999999951e+01 -3.173943000000000181e-01 -4.824678999999999718e+00 2.691376999999999953e+02 -1.233505942172883306e-03 1.877235756372364799e-03 1.452034748797983955e-03 9.999964230156499490e-01
2.020015000000000072e+01 -3.155942999999999943e-01 -4.906588000000000171e+00 2.722185000000000059e+02 -1.384854567690895410e-03 2.740231883252815595e-03 2.292724914822495208e-04 9.999952603593565970e-01
2.040827000000000169e+01 -3.112308999999999770e-01 -4.987625999999999671e+00 2.753072000000000230e+02 -1.135360096714060560e-03 3.699970018973517977e-03 -1.216505524009989367e-03 9.999917706129479722e-01
2.061639999999999873e+01 -3.062025999999999915e-01 -5.082754999999999690e+00 2.783951999999999884e+02 -6.546743560983988696e-04 4.513704704482499573e-03 -1.773097496262846309e-03 9.999880269266215871e-01
2.082451999999999970e+01 -2.897536000000000000e-01 -5.172037999999999691e+00 2.814957999999999743e+02 -5.052287197754323257e-04 5.386742505299840084e-03 -1.208781329493221037e-03 9.999846331803405874e-01
2.103277999999999892e+01 -2.599233000000000238e-01 -5.241690000000000182e+00 2.846005000000000109e+02 -1.367882869906452597e-03 5.932254902261427550e-03 -4.309036073288416543e-05 9.999814675239984130e-01
2.124088000000000065e+01 -2.301583000000000101e-01 -5.316244000000000192e+00 2.876999000000000137e+02 1.096288325714543611e-03 5.785461874633903920e-03 7.525032918451954322e-04 9.999823800055678280e-01
2.144889999999999830e+01 -2.045250999999999875e-01 -5.390475000000000350e+00 2.908102999999999838e+02 9.104984359690763062e-04 5.009484724285481229e-03 1.396274746708629040e-03 9.999860631389952959e-01
2.165701999999999927e+01 -1.828270999999999924e-01 -5.462577999999999712e+00 2.939316000000000031e+02 1.350674272978198481e-03 4.222024358126655504e-03 1.211732561570638819e-03 9.999894408910160459e-01
2.186503000000000085e+01 -1.681708000000000092e-01 -5.542653999999999748e+00 2.970722999999999843e+02 9.425572203757832772e-04 3.442297915890521389e-03 1.413061187222088488e-03 9.999926326873741500e-01
2.207317000000000107e+01 -1.498300999999999938e-01 -5.605661999999999701e+00 3.002366999999999848e+02 -2.305801166388860002e-04 2.645972276397133820e-03 9.417677605350826490e-04 9.999960293606203754e-01
2.228115000000000023e+01 -1.362308000000000130e-01 -5.674044999999999561e+00 3.034130000000000109e+02 -2.537911690092738170e-04 3.447553903696177688e-03 3.899952284240196850e-04 9.999939489146151272e-01
2.248927000000000120e+01 -1.113075000000000037e-01 -5.740562999999999860e+00 3.066086000000000240e+02 4.109934732523276395e-04 3.725787288333666340e-03 1.893701656917775840e-03 9.999911817048594553e-01
2.269742000000000104e+01 -9.649989999999999957e-02 -5.821106000000000336e+00 3.098188999999999851e+02 1.873900028485927984e-03 3.876453712276311473e-03 2.850965028331418384e-03 9.999866667129656550e-01
2.290540000000000020e+01 -9.658434000000000463e-02 -5.907765999999999629e+00 3.130445000000000277e+02 2.119690584243121359e-03 1.743863725510932591e-03 2.114367493570542319e-03 9.999939976326039925e-01
2.311348999999999876e+01 -1.079810999999999965e-01 -5.990687999999999569e+00 3.162952999999999975e+02 -1.099988292050716604e-03 1.794040486116521603e-03 1.856514520113420946e-03 9.999960623914115887e-01
2.332140000000000057e+01 -1.058419000000000026e-01 -6.068361999999999590e+00 3.195525000000000091e+02 -8.643087743075807735e-04 2.038882031324076253e-03 3.095669516257938854e-03 9.999927563540902398e-01
2.352955000000000041e+01 -1.009179000000000048e-01 -6.143404000000000309e+00 3.228138999999999896e+02 -1.091279437807726391e-03 2.308396436966807241e-03 3.418102406655107277e-03 9.999908984540888390e-01
2.373752999999999957e+01 -9.648437999999999459e-02 -6.224088000000000065e+00 3.260681999999999903e+02 -6.898177439952688341e-04 2.793207426273889259e-03 2.764024616712627055e-03 9.999920411241642881e-01
2.394565000000000055e+01 -8.496955999999999953e-02 -6.305428000000000033e+00 3.293242000000000189e+02 -1.207544663557908338e-03 3.551596667514627086e-03 2.929351226578427204e-03 9.999886733850482656e-01
2.415367000000000175e+01 -6.421230999999999467e-02 -6.372244000000000241e+00 3.325693999999999733e+02 -1.030725931869444154e-03 3.465463970665693880e-03 3.990755466195745546e-03 9.999855009120532934e-01
2.436177999999999955e+01 -5.434960999999999959e-02 -6.450779999999999959e+00 3.358023999999999774e+02 -4.084558180248238821e-04 3.417665272241396379e-03 2.392342282875464798e-03 9.999912146745755237e-01
2.456978000000000151e+01 -4.548042000000000057e-02 -6.532187999999999661e+00 3.390210999999999899e+02 1.181212976416531673e-03 2.615890632659015509e-03 1.000186381638415879e-03 9.999953807289833074e-01
2.477789999999999893e+01 -3.930295999999999790e-02 -6.601810999999999652e+00 3.422461999999999875e+02 -2.156575235756671115e-03 1.650016074153234143e-03 1.377741649999409692e-04 9.999963038174127794e-01
2.498601999999999990e+01 -3.514658999999999839e-02 -6.652782000000000195e+00 3.454524999999999864e+02 -5.087148150610129940e-04 1.359412660752411500e-04 2.219862054819035451e-04 9.999998367256535126e-01
2.519415000000000049e+01 -3.707175000000000054e-02 -6.708152000000000115e+00 3.486551000000000045e+02 -1.725044377766751487e-03 -1.310103850481171128e-03 1.533568656752455715e-03 9.999964780022835287e-01
2.540240000000000009e+01 -5.261017999999999945e-02 -6.773058999999999941e+00 3.518478000000000065e+02 -7.976714115605270999e-04 -1.635240237947936789e-03 2.004447102086578687e-03 9.999963359440364741e-01
2.561054000000000030e+01 -7.506606000000000389e-02 -6.843563999999999758e+00 3.550378999999999792e+02 -7.390351362056430925e-04 -1.629976317874022021e-03 2.284176394205800122e-03 9.999957897623722447e-01
2.581865000000000165e+01 -9.729988999999999999e-02 -6.921763000000000332e+00 3.582217999999999734e+02 -1.077342771591442092e-04 -1.708719992606980587e-03 2.701066749979863599e-03 9.999948864407881555e-01
2.602697999999999823e+01 -1.223014000000000046e-01 -6.995935000000000237e+00 3.614037000000000148e+02 2.152900994005781078e-04 -1.635483553126976155e-03 2.734034017208787550e-03 9.999949019378618909e-01
2.623505000000000109e+01 -1.419951999999999881e-01 -7.072716999999999921e+00 3.645867000000000075e+02 8.511596726742881927e-05 -1.542456058975611279e-03 4.171844052761867865e-03 9.999901046019293860e-01
2.644329000000000107e+01 -1.668614999999999959e-01 -7.146884000000000015e+00 3.677810999999999808e+02 -1.429506736873502955e-04 -1.580821709570348491e-03 5.279112672828183660e-03 9.999848056531733809e-01
2.665140999999999849e+01 -2.029185000000000016e-01 -7.225081000000000309e+00 3.709753000000000043e+02 -3.316114401337081187e-04 -1.152511056112078902e-03 3.717883680067552137e-03 9.999923695174177674e-01
2.686258000000000123e+01 -2.378134000000000081e-01 -7.306808000000000192e+00 3.742253000000000043e+02 -3.543727576119312401e-04 -7.166544078759542026e-04 2.849484290663459232e-03 9.999956206232535338e-01
2.706782000000000110e+01 -2.625877999999999823e-01 -7.379336000000000340e+00 3.773872999999999820e+02 1.670954796636009378e-04 -4.594133191290231078e-04 2.858910565880376509e-03 9.999957938155937809e-01
2.727606000000000108e+01 -2.783585000000000087e-01 -7.448411000000000115e+00 3.806071000000000026e+02 1.348947742226851891e-04 -1.909611195356092654e-04 2.091631623091436132e-03 9.999977852047495785e-01
2.748470000000000013e+01 -2.960865999999999776e-01 -7.522078999999999738e+00 3.838408000000000015e+02 8.139082908479244264e-05 1.056553123347280719e-04 8.692613109431785107e-04 9.999996132985560227e-01
2.769253000000000142e+01 -3.110173999999999994e-01 -7.596747999999999834e+00 3.870677999999999770e+02 3.262807098425485916e-04 4.036686404914188384e-04 6.410785708242166473e-05 9.999998632413458211e-01
2.790067000000000164e+01 -3.206582000000000043e-01 -7.664429000000000158e+00 3.903059000000000083e+02 -4.920893647107361371e-04 7.256467333205727068e-04 -1.120977405244777403e-03 9.999989873467534096e-01
