0.000000000000000000e+00 -5.551114999999999755e-17 0.000000000000000000e+00 2.220445999999999902e-16 0.000000000000000000e+00 0.000000000000000000e+00 0.000000000000000000e+00 1.000000000000000000e+00
1.041283999999999960e-01 1.289128000000000062e-03 -1.821615999999999860e-02 1.310643000000000002e+00 -6.628702209195374119e-04 -1.047590825319012802e-04 4.518288688445848043e-04 9.999996727395854546e-01
2.082536000000000109e-01 4.448325999999999734e-04 -4.203318000000000332e-02 2.625299000000000049e+00 -9.300872675355458148e-04 -2.761446996323708406e-04 8.234311686707883934e-04 9.999991903211176147e-01
3.125037999999999982e-01 2.037581000000000114e-03 -6.302800999999999543e-02 3.941730000000000178e+00 -2.687194463182982916e-04 -3.651518682849683672e-04 1.706827942129234823e-03 9.999984405949583488e-01
4.166248000000000173e-01 2.777892000000000122e-03 -8.483760999999999386e-02 5.261016999999999832e+00 -4.076433574278281796e-04 -3.209597896163404133e-04 1.817808287884044045e-03 9.999982131907714233e-01
5.207547999999999622e-01 4.157927999999999971e-03 -1.014677999999999969e-01 6.581637999999999877e+00 -8.208986625468194095e-04 -2.565013866121491578e-04 1.962824766627286124e-03 9.999977038230438708e-01
6.250035999999999925e-01 7.571022000000000168e-03 -1.165873999999999938e-01 7.908775000000000333e+00 -1.347796606865462026e-03 -2.047845852995783180e-04 2.752315457442904706e-03 9.999952831224769856e-01
7.291284000000000098e-01 8.323818000000000189e-03 -1.328034999999999910e-01 9.238962000000000785e+00 -1.792290259642505398e-03 -2.941342710604317361e-04 2.592816506754773518e-03 9.999949892290553866e-01
8.332524000000000042e-01 7.728338999999999868e-03 -1.497649000000000064e-01 1.056963000000000008e+01 -9.345467561906053251e-04 -4.280724979670644920e-04 2.315842973101321124e-03 9.999967901186590513e-01
9.375056999999999974e-01 6.780918000000000362e-03 -1.634547000000000083e-01 1.190426000000000073e+01 3.916548307818308225e-04 -4.804248744034922869e-04 9.502161209708955567e-04 9.999993564436716609e-01
1.041630000000000056e+00 3.419394999999999987e-03 -1.767479999999999885e-01 1.324207999999999963e+01 8.627266361012635339e-04 -3.102677532029259489e-04 -7.720623178239346051e-04 9.999992816779669225e-01
1.145874999999999977e+00 -1.862181999999999987e-03 -1.959201999999999888e-01 1.458047999999999966e+01 7.900938295041929401e-04 -2.636749870388526524e-04 -1.981490084436553917e-03 9.999976899594756885e-01
1.250002999999999975e+00 -5.851755000000000151e-03 -2.177601999999999871e-01 1.593065999999999960e+01 4.369435695386994262e-04 -1.923385855467458160e-04 -2.594999793593213890e-03 9.999965190250700298e-01
1.354254999999999987e+00 -4.267715000000000050e-03 -2.364140000000000130e-01 1.728221999999999881e+01 -8.845523768631532438e-04 1.305995770287154734e-05 -1.496559068490919270e-03 9.999984888526005644e-01
1.458401000000000058e+00 4.827890000000000154e-04 -2.537475000000000147e-01 1.863468999999999909e+01 -1.999054691157581796e-03 1.271438390582353521e-04 4.494396395819585661e-04 9.999978928071783235e-01
1.562526000000000082e+00 5.006085999999999869e-03 -2.699100999999999861e-01 1.998669999999999902e+01 -9.157306609690572807e-04 -1.813017233212797617e-05 1.819341007863235814e-03 9.999979255513238297e-01
1.666754000000000069e+00 4.134686000000000264e-03 -2.931092000000000142e-01 2.134127000000000152e+01 2.766663527494574756e-04 -1.167264365442212431e-04 2.559607517191695922e-03 9.999966791144989653e-01
1.771006999999999998e+00 -7.654744999999999909e-04 -3.222297000000000078e-01 2.270574999999999832e+01 1.033704112763597594e-03 2.116583748085926219e-04 1.424608206885830683e-03 9.999984285727638866e-01
1.875129000000000046e+00 -7.369324000000000013e-03 -3.468119000000000063e-01 2.407209999999999894e+01 3.829925085992610901e-04 6.227399320945747841e-04 -7.100416945723986609e-05 9.999997302350253081e-01
1.979376999999999942e+00 -9.719264000000000028e-03 -3.687424000000000257e-01 2.544867999999999952e+01 -2.714333991400799759e-03 9.690707601513897946e-04 -7.229506900329224928e-04 9.999955853078277279e-01
2.083502000000000187e+00 -5.061180999999999666e-03 -3.871398999999999813e-01 2.682029999999999959e+01 -2.732037719648011849e-03 1.186051172079461390e-03 5.222076556899664162e-04 9.999954282653901183e-01
2.187758999999999787e+00 1.962273000000000055e-03 -4.099384999999999835e-01 2.819472000000000023e+01 -1.941348065434803484e-03 9.808420516511262999e-04 2.667615516895087847e-03 9.999940764544624772e-01
2.291881000000000057e+00 5.281593000000000225e-03 -4.328976999999999964e-01 2.957011999999999929e+01 -6.556503517021531040e-04 9.943958248406943590e-04 2.965978260534117041e-03 9.999948921232139076e-01
2.396132000000000151e+00 7.939023999999999387e-03 -4.591179000000000232e-01 3.094983999999999824e+01 4.914302526304404955e-04 1.196836403643894734e-03 3.089250293367372911e-03 9.999943912900483012e-01
2.500256999999999952e+00 6.827075999999999631e-03 -4.850132999999999805e-01 3.233530999999999977e+01 6.951310162844883886e-04 1.585645230044363009e-03 1.433237361974863027e-03 9.999974741731797456e-01
2.604382999999999893e+00 8.305167000000000452e-03 -5.122366999999999893e-01 3.371779999999999688e+01 1.751469299441675955e-03 1.783238391722726012e-03 9.614289514662257511e-04 9.999964140288214454e-01
2.708628000000000036e+00 1.017340000000000085e-02 -5.431160000000000432e-01 3.511082999999999998e+01 1.982452225098722213e-03 1.748200575862619626e-03 5.141921062998205212e-04 9.999963746356285155e-01
2.812756999999999952e+00 1.211940000000000066e-02 -5.746232999999999480e-01 3.650789000000000328e+01 8.304398683049123283e-04 1.704086046331473652e-03 4.795644391645911722e-04 9.999980882373321611e-01
2.916881000000000057e+00 1.511477999999999954e-02 -5.999006000000000061e-01 3.790588999999999942e+01 3.036809682597876484e-05 1.493070718812978311e-03 9.452380626954756204e-05 9.999988804408023180e-01
3.021005999999999858e+00 1.696850999999999915e-02 -6.238525999999999794e-01 3.930156000000000205e+01 1.876133172435099934e-04 1.481574064423119659e-03 -1.256992656643961606e-03 9.999980948526830948e-01
3.125255999999999812e+00 1.942949000000000065e-02 -6.437119999999999509e-01 4.070436999999999728e+01 2.767350787523927490e-04 1.551410672953222472e-03 -2.525357717689155276e-03 9.999955695456945737e-01
3.229379000000000222e+00 1.916344000000000034e-02 -6.707246000000000041e-01 4.211099999999999710e+01 1.956541962498977149e-05 1.555605701729138174e-03 -3.601823592488655017e-03 9.999923032578315052e-01
3.333502000000000187e+00 2.134430999999999828e-02 -6.941319999999999713e-01 4.351858000000000004e+01 -1.201750149901157911e-04 1.421324941103501837e-03 -4.154366816904781282e-03 9.999903532683342977e-01
3.437628999999999824e+00 2.622363999999999945e-02 -7.178581000000000545e-01 4.492820999999999998e+01 8.714868744472500537e-05 1.206454586985480654e-03 -3.629779948677170319e-03 9.999926807581944743e-01
3.541754000000000069e+00 3.086035999999999987e-02 -7.390250000000000430e-01 4.634127000000000152e+01 4.009702298498266765e-04 8.617593206273706013e-04 -3.212792040469695642e-03 9.999943872647749643e-01
3.645880000000000010e+00 3.408031000000000255e-02 -7.610314999999999719e-01 4.775704000000000349e+01 3.188650081339788596e-05 3.809035784672866942e-04 -2.900085107821891769e-03 9.999957216918892167e-01
3.750007000000000090e+00 3.359220999999999735e-02 -7.839855999999999492e-01 4.917963000000000306e+01 -3.959616683229372062e-04 -1.217882086316799051e-04 -3.005248625059252481e-03 9.999953984207585744e-01
3.854131000000000196e+00 3.175531999999999661e-02 -8.056349999999999900e-01 5.060217999999999705e+01 -5.242300929120286435e-04 -6.536550722390637455e-04 -3.324132026782290836e-03 9.999941240147985910e-01
3.958276000000000128e+00 2.895794999999999966e-02 -8.265407999999999644e-01 5.202830999999999761e+01 -3.328820912615747425e-04 -1.240852852696089923e-03 -3.318734086801201910e-03 9.999936677188369094e-01
4.062382999999999633e+00 2.536976999999999982e-02 -8.453836000000000128e-01 5.345716000000000179e+01 -9.708862710107171376e-04 -1.797504320055159791e-03 -3.439670823406832008e-03 9.999919974793273214e-01
4.166506000000000043e+00 2.082938000000000150e-02 -8.668316000000000354e-01 5.488463999999999743e+01 -1.454524285063368968e-03 -2.197712137175018843e-03 -2.745369326659460440e-03 9.999927586576444760e-01
4.270633000000000123e+00 1.680869999999999934e-02 -8.868800000000000017e-01 5.631660000000000110e+01 -1.411498176917711130e-03 -2.517124614636745503e-03 -1.998017034070214901e-03 9.999938398232778303e-01
4.374755999999999645e+00 1.322910000000000058e-02 -9.072441999999999451e-01 5.774549999999999983e+01 -1.196008085971424131e-03 -2.828260088354439192e-03 -8.563101479558991522e-04 9.999949186083206820e-01
4.478883999999999865e+00 1.007535000000000028e-02 -9.249469000000000163e-01 5.917365000000000208e+01 -1.416684248752990731e-03 -2.865659148429591536e-03 -1.834110191408262086e-04 9.999948736687517270e-01
4.583131999999999984e+00 6.524254999999999638e-03 -9.446035000000000403e-01 6.060318000000000183e+01 -1.737149900609380156e-03 -2.649673817847599065e-03 4.228503852258270459e-04 9.999948913551675034e-01
4.687259000000000064e+00 2.764210000000000018e-03 -9.647483999999999504e-01 6.202794999999999703e+01 -2.053400187319873518e-03 -2.457060635007707501e-03 9.344459475373328864e-04 9.999944365902628807e-01
4.791383999999999865e+00 -1.308242999999999949e-03 -9.878099999999999659e-01 6.345197999999999894e+01 -1.838834054703352002e-03 -2.240913992973530416e-03 1.900406961331963136e-03 9.999939927055445654e-01
4.895504999999999995e+00 -2.873604000000000089e-03 -1.008175000000000043e+00 6.487187000000000126e+01 -1.415775743961701465e-03 -2.000358965818922058e-03 2.650947745650060212e-03 9.999934832883168312e-01
4.999629999999999797e+00 -5.953934000000000136e-03 -1.029700000000000060e+00 6.628940000000000055e+01 -1.130247428327556172e-03 -1.676854441462020994e-03 2.612141788704369291e-03 9.999945436927188958e-01
5.103758000000000017e+00 -1.002030999999999929e-02 -1.050202999999999998e+00 6.770310999999999524e+01 -1.160276230849355706e-03 -1.274549286958853852e-03 1.742715243357599846e-03 9.999969961088702730e-01
5.207868999999999637e+00 -1.936440000000000036e-02 -1.076074999999999893e+00 6.911593000000000586e+01 -1.825555382222621148e-03 -1.033793302712081828e-03 3.259560548010191042e-04 9.999977461832623149e-01
5.311997999999999998e+00 -2.702275000000000163e-02 -1.097831000000000001e+00 7.053000000000000114e+01 -2.479488125749625300e-03 -6.477198595211769395e-04 -1.504833401698138637e-03 9.999955840272752861e-01
5.416244999999999976e+00 -3.513441999999999954e-02 -1.118230999999999975e+00 7.193977999999999895e+01 -2.754526864028696443e-03 -2.735437836000559429e-04 -3.329244522296885729e-03 9.999906268993047354e-01
5.520243999999999929e+00 -4.214650000000000341e-02 -1.135987000000000080e+00 7.333986000000000161e+01 -2.556753438781195990e-03 5.368619074248894967e-05 -5.575977568033065219e-03 9.999811841248851252e-01
5.624505000000000088e+00 -4.677589000000000052e-02 -1.153310999999999975e+00 7.474245000000000516e+01 -2.313495814596968920e-03 4.087253212670684775e-04 -7.109601718757611703e-03 9.999719667291320224e-01
5.728633000000000308e+00 -5.327678000000000275e-02 -1.177226000000000106e+00 7.614449999999999363e+01 -2.178505755457806406e-03 7.546752622804875918e-04 -8.184930912098729860e-03 9.999638450883542307e-01
5.832639000000000351e+00 -5.458510999999999919e-02 -1.197942000000000062e+00 7.754079000000000121e+01 -2.243938375538812730e-03 9.231726946273464095e-04 -8.321215319676096220e-03 9.999624342285794443e-01
5.936757000000000062e+00 -5.287324999999999664e-02 -1.218034999999999979e+00 7.893496000000000379e+01 -2.325590179581323545e-03 1.002372443727515957e-03 -7.703545769804004406e-03 9.999671205906589533e-01
6.040888999999999953e+00 -4.954250000000000320e-02 -1.236655000000000060e+00 8.032545000000000357e+01 -1.849233958400639923e-03 9.665441169056708613e-04 -7.120133866051066643e-03 9.999724745311577845e-01
6.145012000000000363e+00 -4.883211999999999969e-02 -1.258286999999999933e+00 8.171094999999999686e+01 -1.785982803776900918e-03 8.265786437077189772e-04 -6.746579068184320113e-03 9.999753050471031912e-01
6.249010000000000176e+00 -4.838806999999999831e-02 -1.278675999999999924e+00 8.309721000000000402e+01 -1.921457542420756427e-03 7.112435236265850919e-04 -6.768616581041694662e-03 9.999749936689128482e-01
6.353134999999999977e+00 -5.269072999999999812e-02 -1.300030999999999937e+00 8.448367000000000360e+01 -1.661843502949136419e-03 4.434072453765999441e-04 -6.540937256769754037e-03 9.999771286414451676e-01
6.457259999999999778e+00 -6.072004000000000290e-02 -1.320244999999999891e+00 8.586562000000000694e+01 -1.841190738436116218e-03 8.115697501760314779e-05 -6.717705811951855607e-03 9.999757376350857374e-01
6.561385999999999719e+00 -7.518041999999999780e-02 -1.343695000000000084e+00 8.725015000000000498e+01 -2.196160256306385790e-03 -3.870668268163138573e-04 -6.526350483768842900e-03 9.999762166215570014e-01
6.665511000000000408e+00 -8.437619999999999842e-02 -1.362981999999999916e+00 8.862909000000000503e+01 -2.724135898680131972e-03 -9.538872285740769260e-04 -5.462824455588810406e-03 9.999809131837108511e-01
6.769636000000000209e+00 -9.813228999999999702e-02 -1.382640000000000091e+00 9.000633999999999446e+01 -3.081304341798743809e-03 -1.556876754503891229e-03 -4.390637352418512093e-03 9.999844018793314637e-01
6.873636000000000301e+00 -1.110474999999999934e-01 -1.399780999999999942e+00 9.137524000000000513e+01 -3.164763118315297354e-03 -1.866588583780903147e-03 -3.395765459090296402e-03 9.999874843708853600e-01
6.977758999999999823e+00 -1.283351000000000075e-01 -1.418058999999999958e+00 9.274128000000000327e+01 -2.826078460118433035e-03 -2.102179916449468857e-03 -2.748962636461587620e-03 9.999900186124657253e-01
7.081884999999999764e+00 -1.454602999999999868e-01 -1.435964000000000018e+00 9.410339000000000453e+01 -2.567232482687040098e-03 -2.239746280799474742e-03 -2.135375955968302035e-03 9.999919164790801451e-01
7.186012999999999984e+00 -1.697047999999999890e-01 -1.456190000000000095e+00 9.546075999999999340e+01 -2.375661518107852893e-03 -2.308260364288139931e-03 -2.465265073557131644e-03 9.999914752809443419e-01
7.290010999999999797e+00 -1.913409000000000082e-01 -1.476212999999999997e+00 9.681382000000000687e+01 -2.029916011123629026e-03 -2.248521799203589012e-03 -2.364741056205574114e-03 9.999926157679577265e-01
7.394135000000000346e+00 -2.120314000000000088e-01 -1.496477999999999975e+00 9.816545000000000698e+01 -1.691906809165007316e-03 -2.127760513754916889e-03 -2.727435925255208664e-03 9.999925855624226534e-01
7.498255999999999588e+00 -2.344055999999999917e-01 -1.517682999999999893e+00 9.951512999999999920e+01 -1.755612969290334772e-03 -1.944685451758183413e-03 -3.527040315522771922e-03 9.999903479575230625e-01
7.602386000000000088e+00 -2.485715000000000008e-01 -1.534999000000000002e+00 1.008602999999999952e+02 -2.443245622287965220e-03 -1.822812098733869431e-03 -3.760220727128931167e-03 9.999882842548529771e-01
7.706382999999999761e+00 -2.694020999999999777e-01 -1.556017999999999901e+00 1.022053999999999974e+02 -3.222173179376597828e-03 -1.743391876718064200e-03 -4.411361063942788492e-03 9.999835589040099171e-01
7.810510999999999981e+00 -2.867601000000000178e-01 -1.575247000000000064e+00 1.035459000000000032e+02 -2.567891625710759344e-03 -1.717316230947664186e-03 -4.146773005528617793e-03 9.999866304262284844e-01
7.914632000000000112e+00 -3.053255999999999748e-01 -1.596046000000000076e+00 1.048845000000000027e+02 -1.246721869621020707e-03 -1.674212871950506382e-03 -4.084891812975797142e-03 9.999894781220027840e-01
8.018762999999999863e+00 -3.153954999999999953e-01 -1.613299000000000039e+00 1.062207999999999970e+02 -6.587571337714378779e-04 -1.696206911777498787e-03 -3.815554175859150240e-03 9.999910651938258566e-01
8.122759999999999536e+00 -3.343086000000000113e-01 -1.638432000000000111e+00 1.075652999999999935e+02 -1.312952831301134309e-03 -1.623144914484098231e-03 -2.750349681715488770e-03 9.999940385482692928e-01
8.226883000000000834e+00 -3.508130999999999888e-01 -1.661275000000000057e+00 1.089064000000000050e+02 -2.370338926514126317e-03 -1.316664466332425742e-03 -1.567939490108610128e-03 9.999950947148751323e-01
8.331011000000000166e+00 -3.737761000000000000e-01 -1.686738999999999988e+00 1.102446000000000055e+02 -2.702605935528740698e-03 -8.568669720755223628e-04 -7.784201144722767548e-04 9.999956778717969952e-01
8.435138000000000247e+00 -3.943149000000000237e-01 -1.710102000000000011e+00 1.115765999999999991e+02 -1.980069480999750112e-03 -5.007625550705990499e-04 -3.370916479631339696e-04 9.999978574631720463e-01
8.539282000000000039e+00 -4.137128999999999945e-01 -1.733997000000000011e+00 1.129050000000000011e+02 -7.781999299181233338e-04 -1.678815721457259933e-04 -1.290471029508147294e-03 9.999988504519238264e-01
8.643387000000000597e+00 -4.219683000000000184e-01 -1.753986000000000045e+00 1.142286000000000001e+02 3.219389460888481803e-04 3.748718752851665941e-04 -2.266220560433817189e-03 9.999973100317636199e-01
8.747509000000000867e+00 -4.295899000000000245e-01 -1.775004000000000026e+00 1.155601000000000056e+02 4.336162151606717807e-04 1.082290481376678177e-03 -3.784659402149079775e-03 9.999921584580058198e-01
8.851634999999999920e+00 -4.334779000000000271e-01 -1.794229999999999992e+00 1.168930000000000007e+02 -6.541363339972376765e-04 1.795550414838297535e-03 -4.499591040675993657e-03 9.999880508210239327e-01
8.955762999999999252e+00 -4.334150999999999976e-01 -1.811793999999999905e+00 1.182274000000000029e+02 -1.874171742652901412e-03 2.325174065042014473e-03 -4.544369567504049322e-03 9.999852147662385837e-01
9.059886000000000550e+00 -4.306136999999999881e-01 -1.825846999999999998e+00 1.195613000000000028e+02 -2.223373581010080601e-03 2.715815177085434753e-03 -4.045036033970222586e-03 9.999856592178344439e-01
9.164011999999999603e+00 -4.334145999999999832e-01 -1.846322000000000019e+00 1.209044999999999987e+02 -1.848391810459845946e-03 3.226574050898400794e-03 -4.299614964967941703e-03 9.999838428588543326e-01
9.268134999999999124e+00 -4.472932000000000019e-01 -1.880929000000000073e+00 1.222683999999999997e+02 -1.611804424538153865e-03 3.846357140037674933e-03 -5.181469677398907979e-03 9.999778797529624841e-01
9.372258999999999673e+00 -4.560743999999999909e-01 -1.910029999999999895e+00 1.236242000000000019e+02 -1.426057280873343136e-03 4.416155649639183327e-03 -6.196603308051698913e-03 9.999700325696528891e-01
9.476392000000000593e+00 -4.622549000000000241e-01 -1.940325000000000077e+00 1.249835000000000065e+02 -8.909598858286344901e-04 4.975873974227910598e-03 -6.573300868242568790e-03 9.999656187011480846e-01
9.580512999999999835e+00 -4.641329000000000149e-01 -1.966294999999999904e+00 1.263371000000000066e+02 -6.092573356959916052e-04 5.521357452492845451e-03 -7.119660040950574406e-03 9.999592260978854563e-01
9.684639999999999915e+00 -4.708494999999999764e-01 -2.006025999999999865e+00 1.276924999999999955e+02 -4.738967250440251073e-04 5.975836567317676339e-03 -6.700508453826871900e-03 9.999595831760776932e-01
9.788783999999999708e+00 -4.718093999999999899e-01 -2.038342999999999794e+00 1.290495999999999981e+02 -8.658057972046742179e-04 6.359662868350816900e-03 -6.438048587710044728e-03 9.999586774456757921e-01
9.892887999999999238e+00 -4.742799999999999794e-01 -2.073189000000000171e+00 1.304070000000000107e+02 -1.623817982195994731e-03 6.779315112273836229e-03 -5.956047895570088478e-03 9.999579639141010778e-01
9.997009999999999508e+00 -4.701254000000000266e-01 -2.099489000000000161e+00 1.317556999999999903e+02 -1.655630353352917188e-03 6.939357542112069809e-03 -5.457560351340663349e-03 9.999596588063175417e-01
1.010113999999999912e+01 -4.656936999999999882e-01 -2.127702000000000204e+00 1.331097000000000037e+02 -1.843293914188978179e-03 6.928385840932343304e-03 -4.419200905732190501e-03 9.999645345713717992e-01
1.020526000000000089e+01 -4.651027999999999829e-01 -2.162932000000000077e+00 1.344613999999999976e+02 -2.101361057627838640e-03 6.766848349076276352e-03 -3.585719668877815781e-03 9.999684678326522524e-01
1.030939000000000050e+01 -4.661197000000000257e-01 -2.198388000000000009e+00 1.358146000000000129e+02 -1.915220435573335676e-03 6.497247523840908416e-03 -2.830827258637535603e-03 9.999730516980586126e-01
1.041338999999999970e+01 -4.644952999999999999e-01 -2.226309000000000093e+00 1.371605999999999881e+02 -1.873314148049805110e-03 5.870985916817941450e-03 -2.035362836167719462e-03 9.999789395365247247e-01
1.051750999999999969e+01 -4.645722999999999936e-01 -2.254853999999999914e+00 1.385124000000000137e+02 -2.375752648265855131e-03 5.335933694841882985e-03 -1.408565948176674623e-03 9.999819496135555763e-01
1.062163999999999930e+01 -4.641807000000000016e-01 -2.281749000000000027e+00 1.398625999999999863e+02 -2.529316589116183556e-03 4.826779184513116383e-03 -6.262474327358141107e-04 9.999849561740661308e-01
1.072575999999999929e+01 -4.674418000000000184e-01 -2.314865999999999868e+00 1.412128999999999905e+02 -2.483852909058640365e-03 4.177016089217388227e-03 -2.530707207229214895e-04 9.999881594131636575e-01
1.082989000000000068e+01 -4.704574000000000256e-01 -2.341886000000000134e+00 1.425621999999999900e+02 -2.252955494186935793e-03 3.550827146594026738e-03 -1.226382567880090156e-04 9.999911503498285503e-01
1.093402000000000029e+01 -4.747020000000000128e-01 -2.367455000000000087e+00 1.439098999999999933e+02 -2.002929294537597084e-03 3.030710795405022490e-03 6.702147151051619930e-05 9.999933992654341797e-01
1.103814000000000028e+01 -4.789012999999999742e-01 -2.395023999999999820e+00 1.452578000000000031e+02 -1.114027762957777541e-03 2.538423970102253891e-03 8.842994955680188703e-04 9.999957666711860593e-01
1.114226999999999990e+01 -4.813925000000000010e-01 -2.426593000000000000e+00 1.466011000000000024e+02 -3.890827900544451641e-04 1.975138618241863066e-03 3.648570763593999081e-03 9.999913176490106137e-01
1.124638999999999989e+01 -4.844149999999999845e-01 -2.462969000000000186e+00 1.479538000000000011e+02 -1.794212415036483153e-03 1.414100779133629741e-03 7.045495775091086509e-03 9.999725706788559210e-01
1.135051999999999950e+01 -4.832843000000000000e-01 -2.489365999999999968e+00 1.493029999999999973e+02 -2.264638580675329676e-03 6.847370774820015415e-04 1.086452193212823596e-02 9.999381804443808752e-01
1.145463999999999949e+01 -4.887986000000000275e-01 -2.518616999999999884e+00 1.506480999999999995e+02 -1.055768885660997346e-03 7.985225940107026552e-05 1.252564208883281092e-02 9.999209905117196762e-01
1.155878000000000050e+01 -4.979854000000000225e-01 -2.545627999999999780e+00 1.519917000000000087e+02 9.446700352431224327e-04 1.785130988905621785e-04 1.256742823898405331e-02 9.999205645845352652e-01
1.166301999999999950e+01 -5.139896999999999938e-01 -2.581792000000000087e+00 1.533372999999999990e+02 1.829202489164617708e-03 6.047000999390918403e-04 1.079550165203479323e-02 9.999398709423099607e-01
1.176716000000000051e+01 -5.203404999999999836e-01 -2.611885000000000012e+00 1.546843000000000075e+02 1.825609827965458086e-03 9.815511947608988094e-04 1.066835728318429703e-02 9.999409431855895702e-01
1.187125999999999948e+01 -5.188374000000000041e-01 -2.641449000000000158e+00 1.560329000000000121e+02 2.554410115657526105e-04 1.301666609147370717e-03 1.203090637035103723e-02 9.999267461698561066e-01
1.197539000000000087e+01 -5.104870000000000241e-01 -2.666163000000000061e+00 1.573829000000000065e+02 -1.365403093015257448e-03 1.561223053214548257e-03 1.475559307762993461e-02 9.998889792021408152e-01
1.207963999999999949e+01 -4.996047000000000127e-01 -2.689150000000000151e+00 1.587318999999999960e+02 -1.721067290600473325e-03 1.564555887483372624e-03 1.683323603464592644e-02 9.998556057035727918e-01
1.218377000000000088e+01 -4.908893999999999758e-01 -2.711383000000000099e+00 1.600785999999999945e+02 -1.905426568111952875e-03 1.537433557480306651e-03 1.773112349715236583e-02 9.998397936205476455e-01
1.228789000000000087e+01 -4.848759000000000263e-01 -2.736779999999999990e+00 1.614290000000000020e+02 -2.091651713491001884e-03 1.946705920510173908e-03 1.695399117154727103e-02 9.998521878320434375e-01
1.239202000000000048e+01 -4.836516000000000148e-01 -2.760603999999999836e+00 1.627787999999999897e+02 -1.916851803570714325e-03 2.550872169474025994e-03 1.498539138619229584e-02 9.998826214988145722e-01
1.249625999999999948e+01 -4.767802999999999902e-01 -2.787253999999999898e+00 1.641295000000000073e+02 -7.195675622453295622e-04 3.005991313112587032e-03 1.327080477542640254e-02 9.999071616802039930e-01
1.260039000000000087e+01 -4.687839999999999785e-01 -2.810667000000000026e+00 1.654807000000000130e+02 -2.987814703056661269e-04 3.378911145355512416e-03 1.185142779696035306e-02 9.999240157873384716e-01
1.270452000000000048e+01 -4.599264000000000130e-01 -2.835557999999999801e+00 1.668389999999999986e+02 -9.726779756120289061e-04 3.583497296774790664e-03 1.084771822628134361e-02 9.999342675666051949e-01
1.280864000000000047e+01 -4.494839999999999947e-01 -2.861985999999999919e+00 1.681999999999999886e+02 -8.779352658647605889e-04 3.468695617647556302e-03 1.002847106479359124e-02 9.999433119674753234e-01
1.291278999999999932e+01 -4.424437999999999982e-01 -2.886559999999999793e+00 1.695602000000000089e+02 3.263348080958947345e-04 3.214395691721917258e-03 9.067965206983835333e-03 9.999536655130251139e-01
1.301689000000000007e+01 -4.389717000000000202e-01 -2.914239999999999942e+00 1.709198000000000093e+02 1.776912270865194489e-03 2.953629306238639198e-03 7.322820000795080865e-03 9.999672469455881396e-01
1.312114000000000047e+01 -4.111542999999999726e-01 -2.932730999999999977e+00 1.722840999999999951e+02 2.424331127132013739e-03 2.858363966991047615e-03 4.873669349965314285e-03 9.999810996819320508e-01
1.322527000000000008e+01 -3.881120000000000125e-01 -2.960770999999999820e+00 1.736528000000000134e+02 1.998054680777431799e-03 3.013382815850097762e-03 2.577619633633836116e-03 9.999901415406664551e-01
1.332939000000000007e+01 -3.779300999999999910e-01 -2.986448000000000214e+00 1.750290999999999997e+02 7.559003494431921523e-04 3.282944203208796458e-03 9.165413101059593495e-04 9.999939054034515662e-01
1.343351999999999968e+01 -3.588781999999999806e-01 -3.008538999999999852e+00 1.764086000000000070e+02 -2.325993452402401235e-04 3.348201954094815608e-03 7.380306055877539680e-04 9.999940953585897407e-01
1.353763999999999967e+01 -3.405308000000000224e-01 -3.013913000000000064e+00 1.777852000000000032e+02 -9.020544123185086612e-04 2.956720836640003292e-03 2.167145196823775689e-03 9.999928737653216437e-01
1.364176999999999929e+01 -3.214041999999999732e-01 -3.022952999999999779e+00 1.791606999999999914e+02 -8.286520362803674166e-04 2.118859488295129004e-03 3.444673575912605024e-03 9.999914789608094212e-01
1.374591000000000030e+01 -3.136545000000000027e-01 -3.041122999999999799e+00 1.805420000000000016e+02 1.222935521154474908e-03 1.080611164518769686e-03 3.655999817014557191e-03 9.999919851546609229e-01
1.385002000000000066e+01 -3.089994999999999825e-01 -3.062100000000000044e+00 1.819214000000000055e+02 3.475003467965141844e-03 3.272777140420101479e-04 3.125750737185322824e-03 9.999890234010196943e-01
1.395415000000000028e+01 -3.140564000000000133e-01 -3.088157999999999959e+00 1.833097999999999956e+02 3.934415207601222805e-03 3.522959626232563079e-05 7.361496739476361580e-04 9.999919885776623607e-01
1.405840000000000067e+01 -3.186557999999999891e-01 -3.114466000000000179e+00 1.847039000000000044e+02 3.238206100520913192e-03 -2.072911950953445134e-05 -1.296690704523259692e-03 9.999939160738785526e-01
1.416252000000000066e+01 -3.141304999999999792e-01 -3.137554999999999872e+00 1.860994000000000028e+02 1.702540435685531922e-03 1.203765028058502874e-04 -2.151569924875817736e-03 9.999962287990994403e-01
1.426664000000000065e+01 -3.087276999999999938e-01 -3.164477999999999902e+00 1.874987999999999886e+02 6.149178958050726795e-04 3.272103984425878218e-04 -2.545321881611896028e-03 9.999965180668654030e-01
1.437077000000000027e+01 -3.089327000000000045e-01 -3.193944999999999812e+00 1.889002999999999872e+02 2.077796033370826907e-04 3.670061614407621421e-04 -2.224290760541603514e-03 9.999974373290794194e-01
1.447489000000000026e+01 -3.070210999999999912e-01 -3.221858000000000111e+00 1.903048000000000002e+02 -1.822148942955960870e-04 3.375057702039544220e-04 -1.477068528114433479e-03 9.999988355773975490e-01
1.457901000000000025e+01 -3.030042000000000013e-01 -3.250529999999999919e+00 1.917127999999999872e+02 -4.002577302062314724e-04 3.315780207692935817e-04 -1.834954551296702702e-04 9.999998480895800901e-01
1.468313999999999986e+01 -3.007558000000000176e-01 -3.281162000000000134e+00 1.931212999999999909e+02 -4.045390929012831669e-04 5.202297200503245775e-04 1.148183539539291819e-03 9.999991236914761439e-01
1.478729000000000049e+01 -2.979338000000000264e-01 -3.314134999999999831e+00 1.945397000000000105e+02 -8.845539094594370667e-04 6.871220664884709504e-04 2.646564893874410376e-03 9.999958705524287783e-01
1.489138999999999946e+01 -2.945301000000000169e-01 -3.344374999999999876e+00 1.959592000000000098e+02 -1.785975219851624078e-03 8.941683227794259984e-04 4.682767702861942265e-03 9.999870411371166723e-01
1.499552000000000085e+01 -2.955048000000000119e-01 -3.384557000000000038e+00 1.973808999999999969e+02 -1.802236539785263608e-03 1.010237093699762560e-03 6.400760050433119616e-03 9.999773805618032974e-01
1.509964000000000084e+01 -2.998637000000000108e-01 -3.419364999999999988e+00 1.988010999999999910e+02 3.081208524661871017e-04 1.115009468476685969e-03 5.472165716890063127e-03 9.999843584865676371e-01
1.520378999999999969e+01 -3.150033999999999890e-01 -3.471363000000000198e+00 2.002241999999999962e+02 3.113364436991751787e-03 1.346029539895811106e-03 2.206589081012309828e-03 9.999918130319805920e-01
1.530802000000000085e+01 -3.321987000000000134e-01 -3.515079000000000065e+00 2.016572999999999922e+02 3.363154705407222795e-03 1.941804096281426507e-03 -2.462335386494161719e-03 9.999894276899748968e-01
1.541214000000000084e+01 -3.485808000000000240e-01 -3.555575999999999848e+00 2.030947999999999922e+02 1.246145965692196716e-03 2.659844739291424270e-03 -6.592502030264154982e-03 9.999739552924246100e-01
1.551627000000000045e+01 -3.518432000000000226e-01 -3.580327000000000037e+00 2.045324999999999989e+02 4.702333890606559883e-05 3.045056577544051624e-03 -7.330833431952624851e-03 9.999684916538310597e-01
1.562039000000000044e+01 -3.481358999999999981e-01 -3.604083000000000148e+00 2.059704000000000121e+02 7.007755905797917744e-05 2.778762461014050878e-03 -6.313097462585025126e-03 9.999762089013660704e-01
1.572452000000000005e+01 -3.438313000000000064e-01 -3.628674000000000177e+00 2.074182999999999879e+02 4.565371692922124878e-05 2.195383695183434659e-03 -4.767632512995991119e-03 9.999862238483034904e-01
1.582864000000000004e+01 -3.421980000000000022e-01 -3.650885999999999854e+00 2.088678999999999917e+02 8.382223073659104593e-05 1.632986533149612032e-03 -3.528244604185723846e-03 9.999924388808296705e-01
1.593265000000000065e+01 -3.429637999999999853e-01 -3.674360000000000070e+00 2.103232000000000141e+02 5.223886594729446097e-04 1.375132925280647504e-03 -3.709915078549978415e-03 9.999920362931078444e-01
1.603677000000000064e+01 -3.479510000000000103e-01 -3.708944999999999936e+00 2.117848999999999933e+02 4.531545910711970784e-04 1.321956780096636809e-03 -4.432433137367626334e-03 9.999892002505181843e-01
1.614089999999999847e+01 -3.533161000000000218e-01 -3.741769000000000123e+00 2.132452999999999861e+02 -3.677864299680809338e-05 1.262079872672051527e-03 -5.058151167490074207e-03 9.999864103619072742e-01
1.624502000000000024e+01 -3.575808999999999793e-01 -3.778064999999999785e+00 2.147142000000000053e+02 3.124355126282188854e-05 1.143980963362482839e-03 -4.764119919144754051e-03 9.999879966743560056e-01
1.634913999999999845e+01 -3.574839000000000211e-01 -3.809987000000000013e+00 2.161863999999999919e+02 7.320398605213610660e-04 9.443932075643818834e-04 -4.554109420306259176e-03 9.999889161018238326e-01
1.645326999999999984e+01 -3.559811999999999976e-01 -3.837086999999999914e+00 2.176614999999999895e+02 7.801458303394087678e-04 8.471062016358818503e-04 -4.178986453986840294e-03 9.999906048837580164e-01
1.655739000000000161e+01 -3.604881999999999809e-01 -3.867618999999999918e+00 2.191418999999999926e+02 6.078652479150420873e-04 6.230163858824445955e-04 -4.355119237681245523e-03 9.999901375947907178e-01
1.666151999999999944e+01 -3.669046999999999725e-01 -3.899694000000000216e+00 2.206192000000000064e+02 8.813641321185646102e-04 4.508182061445173286e-04 -4.371464663380223402e-03 9.999899550780038116e-01
1.676565000000000083e+01 -3.711882000000000237e-01 -3.933170000000000055e+00 2.221052999999999997e+02 1.016741943273257289e-03 3.513334683630944073e-04 -4.396790921579757198e-03 9.999897554626280272e-01
1.686965000000000003e+01 -3.755067999999999739e-01 -3.961695999999999884e+00 2.235894000000000119e+02 9.874408283240647399e-04 1.789038513937879135e-04 -4.946237557781235292e-03 9.999872637629164673e-01
1.697376999999999825e+01 -3.771502999999999939e-01 -3.990502999999999911e+00 2.250789000000000044e+02 1.190014601682381525e-03 7.203996108319500660e-06 -4.767685168613946395e-03 9.999879264228559439e-01
1.707789000000000001e+01 -3.787707000000000157e-01 -4.017066999999999943e+00 2.265690999999999917e+02 1.133098785644320568e-03 -1.245410981804660484e-04 -5.019266559530953346e-03 9.999867536821981373e-01
1.718203000000000102e+01 -3.785265999999999909e-01 -4.048136000000000401e+00 2.280602000000000089e+02 1.064629401008535502e-03 -1.777062874248474546e-04 -4.547542533404060408e-03 9.999890773611586070e-01
1.728613999999999962e+01 -3.786613999999999813e-01 -4.075078000000000422e+00 2.295510999999999910e+02 1.382897946781072715e-03 -1.234227419028460543e-04 -3.920366037737614030e-03 9.999913515077146764e-01
1.739027000000000100e+01 -3.766086000000000156e-01 -4.099044000000000132e+00 2.310454000000000008e+02 1.207601900209097573e-03 -4.045271719696468405e-05 -3.354542519767168829e-03 9.999936435326531869e-01
1.749439999999999884e+01 -3.745701000000000169e-01 -4.124994000000000050e+00 2.325421000000000049e+02 8.330125238556086850e-04 5.855538701918149773e-05 -2.560121767577636705e-03 9.999963742123956223e-01
1.759842000000000084e+01 -3.739625999999999784e-01 -4.153623999999999761e+00 2.340378000000000043e+02 6.156457829737255194e-04 5.396852646121866348e-05 -2.480892129319229537e-03 9.999967316156144204e-01
1.770251999999999981e+01 -3.764692000000000038e-01 -4.186333000000000304e+00 2.355389999999999873e+02 6.948626499315967977e-04 1.196533788207160182e-05 -2.668989570734938560e-03 9.999961967514675587e-01
1.780664000000000158e+01 -3.784077000000000135e-01 -4.220226000000000255e+00 2.370446000000000026e+02 1.312294358968298319e-03 1.221280126378422094e-04 -3.013949792286453599e-03 9.999945895228200543e-01
1.791065000000000040e+01 -3.814943000000000084e-01 -4.253314999999999735e+00 2.385499000000000080e+02 9.151767997021675177e-04 3.873569668871452141e-04 -3.650052245195487596e-03 9.999928447367076867e-01
1.801476999999999862e+01 -3.829064999999999830e-01 -4.285388000000000197e+00 2.400603000000000122e+02 -2.973425001888767814e-04 7.096916081389127414e-04 -3.807768268869311801e-03 9.999924543845665204e-01
1.811890000000000001e+01 -3.820923999999999987e-01 -4.315102999999999689e+00 2.415712000000000046e+02 -4.898144900564581784e-04 9.656887847961312128e-04 -3.673091660340709053e-03 9.999926679354158576e-01
1.822302000000000177e+01 -3.818796999999999886e-01 -4.347138000000000169e+00 2.430872999999999990e+02 3.068067852339246117e-04 1.203292588683514816e-03 -3.797847108027979385e-03 9.999920171250797907e-01
1.832702000000000098e+01 -3.796393000000000129e-01 -4.377646000000000370e+00 2.446020000000000039e+02 9.892046453016621870e-04 1.478952163071013031e-03 -3.781066169132833200e-03 9.999912688185301768e-01
1.843114999999999881e+01 -3.770780000000000243e-01 -4.404696000000000389e+00 2.461230999999999938e+02 7.615695256296120194e-04 1.633507689959603744e-03 -4.295915082651317191e-03 9.999891483301641681e-01
1.853536000000000072e+01 -3.721572000000000213e-01 -4.432021999999999906e+00 2.476476999999999862e+02 2.917026342837252808e-04 1.664617476630705353e-03 -4.050397438044371461e-03 9.999903690730344019e-01
1.863942000000000121e+01 -3.683885000000000076e-01 -4.458218999999999710e+00 2.491682000000000130e+02 -7.818237137850615867e-05 1.510976616391631775e-03 -4.089973660252672200e-03 9.999904914311135151e-01
1.874348000000000170e+01 -3.658944000000000085e-01 -4.487063000000000024e+00 2.506964000000000112e+02 -2.432359686001760700e-04 1.398038290454742608e-03 -4.253295526992675879e-03 9.999899478506583117e-01
1.884753999999999863e+01 -3.629857000000000222e-01 -4.511300999999999561e+00 2.522240999999999929e+02 -2.911157265019957631e-04 1.418333588511502688e-03 -4.986214606028920721e-03 9.999865205318356765e-01
1.895165000000000077e+01 -3.598898999999999848e-01 -4.535745000000000360e+00 2.537570000000000050e+02 -3.064991668644600283e-04 1.520480117060134424e-03 -5.476158794321543503e-03 9.999838028104923726e-01
1.905564999999999998e+01 -3.565283000000000202e-01 -4.558441000000000187e+00 2.552884999999999991e+02 -3.187927394371223517e-04 1.464151561790355029e-03 -5.776355480867583110e-03 9.999821940158493128e-01
1.915964999999999918e+01 -3.518993999999999733e-01 -4.584939999999999571e+00 2.568229999999999791e+02 -4.776560672044861933e-04 1.469889826390257054e-03 -4.987222311077960622e-03 9.999863693482025084e-01
1.926377000000000095e+01 -3.474488000000000021e-01 -4.611577999999999733e+00 2.583611999999999966e+02 -9.291134724988976126e-04 1.420889109108194534e-03 -4.238281850523538744e-03 9.999895773403091326e-01
1.936786999999999992e+01 -3.407994999999999775e-01 -4.637603999999999616e+00 2.599003000000000156e+02 -1.436945949810987258e-03 1.451756048924982131e-03 -2.826617933089703178e-03 9.999939188923963052e-01
1.947177999999999898e+01 -3.346776000000000195e-01 -4.662237000000000187e+00 2.614352000000000089e+02 -1.046978919219377973e-03 1.292831998077230166e-03 -2.057028238673065928e-03 9.999965005215731839e-01
1.957590000000000074e+01 -3.291337999999999764e-01 -4.686550999999999689e+00 2.629730999999999881e+02 -3.399565766519614066e-04 1.153257023075927217e-03 -1.444130275463625717e-03 9.999982344561972880e-01
1.967990999999999957e+01 -3.253737999999999908e-01 -4.715745000000000076e+00 2.645113000000000056e+02 -1.242717904257977478e-03 1.441250240875587311e-03 -4.695745941946861848e-04 9.999980789729817632e-01
1.978402000000000172e+01 -3.249045999999999879e-01 -4.748173000000000421e+00 2.660572000000000230e+02 -2.505664388618435504e-03 1.664733244897324480e-03 5.753596064801858875e-05 9.999954734891592922e-01
1.988806999999999903e+01 -3.208178999999999892e-01 -4.788371999999999851e+00 2.675980999999999881e+02 -2.002454121103900211e-03 1.731775456073215286e-03 1.029588925918644175e-03 9.999959655308148232e-01
1.999212999999999951e+01 -3.173943000000000181e-01 -4.824678999999999718e+00 2.691376999999999953e+02 -1.233505942172883306e-03 1.877235756372364799e-03 1.452034748797983955e-03 9.999964230156499490e-01
2.009615000000000151e+01 -3.166024000000000060e-01 -4.866051999999999822e+00 2.706770999999999958e+02 -1.193112270672479517e-03 2.199157844181387315e-03 9.663951997937367776e-04 9.999964031276332710e-01
2.020015000000000072e+01 -3.155942999999999943e-01 -4.906588000000000171e+00 2.722185000000000059e+02 -1.384854567690895410e-03 2.740231883252815595e-03 2.292724914822495208e-04 9.999952603593565970e-01
2.030426999999999893e+01 -3.140400999999999887e-01 -4.950218999999999703e+00 2.737649000000000115e+02 -1.177593928243726891e-03 3.219390533972647274e-03 -6.202615316709676578e-04 9.999939320179709323e-01
2.040827000000000169e+01 -3.112308999999999770e-01 -4.987625999999999671e+00 2.753072000000000230e+02 -1.135360096714060560e-03 3.699970018973517977e-03 -1.216505524009989367e-03 9.999917706129479722e-01
2.051230999999999938e+01 -3.114205999999999919e-01 -5.039836000000000205e+00 2.768534999999999968e+02 -9.560646772894429131e-04 4.095090674935355883e-03 -1.595295846107492709e-03 9.999898855507793893e-01
2.061639999999999873e+01 -3.062025999999999915e-01 -5.082754999999999690e+00 2.783951999999999884e+02 -6.546743560983988696e-04 4.513704704482499573e-03 -1.773097496262846309e-03 9.999880269266215871e-01
2.072042000000000073e+01 -3.011291999999999858e-01 -5.134135999999999811e+00 2.799451000000000249e+02 -4.244493079912778008e-04 4.967137910699287624e-03 -1.503291919584458193e-03 9.999864436566956449e-01
2.082451999999999970e+01 -2.897536000000000000e-01 -5.172037999999999691e+00 2.814957999999999743e+02 -5.052287197754323257e-04 5.386742505299840084e-03 -1.208781329493221037e-03 9.999846331803405874e-01
2.092868999999999957e+01 -2.764899000000000107e-01 -5.210036999999999807e+00 2.830498000000000047e+02 -1.160058062910654386e-03 5.760013460770242733e-03 -7.520026886889098153e-04 9.999824553471823307e-01
2.103277999999999892e+01 -2.599233000000000238e-01 -5.241690000000000182e+00 2.846005000000000109e+02 -1.367882869906452597e-03 5.932254902261427550e-03 -4.309036073288416543e-05 9.999814675239984130e-01
2.113678000000000168e+01 -2.447295999999999916e-01 -5.277598000000000233e+00 2.861453999999999951e+02 -1.886372964584202480e-04 5.963561418533830892e-03 2.880329500018988394e-04 9.999821585349403241e-01
2.124088000000000065e+01 -2.301583000000000101e-01 -5.316244000000000192e+00 2.876999000000000137e+02 1.096288325714543611e-03 5.785461874633903920e-03 7.525032918451954322e-04 9.999823800055678280e-01
2.134491999999999834e+01 -2.170805000000000096e-01 -5.355147999999999797e+00 2.892536000000000058e+02 1.246436830610069078e-03 5.364082004272761883e-03 5.926015742699575423e-04 9.999846608037810114e-01
2.144889999999999830e+01 -2.045250999999999875e-01 -5.390475000000000350e+00 2.908102999999999838e+02 9.104984359690763062e-04 5.009484724285481229e-03 1.396274746708629040e-03 9.999860631389952959e-01
2.155290000000000106e+01 -1.926926999999999945e-01 -5.424877999999999645e+00 2.923691999999999780e+02 1.216073838652079880e-03 4.502351367112019526e-03 1.346384895734101641e-03 9.999882185527478873e-01
2.165701999999999927e+01 -1.828270999999999924e-01 -5.462577999999999712e+00 2.939316000000000031e+02 1.350674272978198481e-03 4.222024358126655504e-03 1.211732561570638819e-03 9.999894408910160459e-01
2.176101999999999848e+01 -1.753107000000000137e-01 -5.502144000000000368e+00 2.955006999999999948e+02 1.096387408716248011e-03 3.867510603842929436e-03 1.190994472011418139e-03 9.999912108756489060e-01
2.186503000000000085e+01 -1.681708000000000092e-01 -5.542653999999999748e+00 2.970722999999999843e+02 9.425572203757832772e-04 3.442297915890521389e-03 1.413061187222088488e-03 9.999926326873741500e-01
2.196914999999999907e+01 -1.571664000000000116e-01 -5.573209000000000302e+00 2.986501999999999839e+02 5.535665488740618883e-04 2.924746286815676447e-03 1.735048081251810070e-03 9.999940644980797044e-01
2.207317000000000107e+01 -1.498300999999999938e-01 -5.605661999999999701e+00 3.002366999999999848e+02 -2.305801166388860002e-04 2.645972276397133820e-03 9.417677605350826490e-04 9.999960293606203754e-01
2.217715000000000103e+01 -1.436566999999999983e-01 -5.638055999999999734e+00 3.018211000000000013e+02 -5.177679755376281409e-04 2.961941398657944816e-03 6.775372464570723896e-04 9.999952498700952486e-01
2.228115000000000023e+01 -1.362308000000000130e-01 -5.674044999999999561e+00 3.034130000000000109e+02 -2.537911690092738170e-04 3.447553903696177688e-03 3.899952284240196850e-04 9.999939489146151272e-01
2.238526999999999845e+01 -1.245795999999999987e-01 -5.704926999999999637e+00 3.050095000000000027e+02 -2.720254828264013629e-05 3.638248053107836014e-03 1.032993918165265018e-03 9.999928476417664358e-01
2.248927000000000120e+01 -1.113075000000000037e-01 -5.740562999999999860e+00 3.066086000000000240e+02 4.109934732523276395e-04 3.725787288333666340e-03 1.893701656917775840e-03 9.999911817048594553e-01
2.259328000000000003e+01 -1.009904999999999969e-01 -5.775938000000000017e+00 3.082115999999999758e+02 1.380626002269702253e-03 3.875422471767573252e-03 2.719722274278649210e-03 9.999878389676831736e-01
2.269742000000000104e+01 -9.649989999999999957e-02 -5.821106000000000336e+00 3.098188999999999851e+02 1.873900028485927984e-03 3.876453712276311473e-03 2.850965028331418384e-03 9.999866667129656550e-01
2.280140000000000100e+01 -9.324941000000000479e-02 -5.863045999999999758e+00 3.114331000000000245e+02 2.328160592112000615e-03 2.816219704622437234e-03 2.580129901440297857e-03 9.999899957022192476e-01
2.290540000000000020e+01 -9.658434000000000463e-02 -5.907765999999999629e+00 3.130445000000000277e+02 2.119690584243121359e-03 1.743863725510932591e-03 2.114367493570542319e-03 9.999939976326039925e-01
2.300939999999999941e+01 -1.065230000000000066e-01 -5.952028999999999570e+00 3.146682000000000130e+02 5.417353874682158269e-04 1.541394685535929640e-03 1.243221856860312604e-03 9.999978925100834193e-01
2.311348999999999876e+01 -1.079810999999999965e-01 -5.990687999999999569e+00 3.162952999999999975e+02 -1.099988292050716604e-03 1.794040486116521603e-03 1.856514520113420946e-03 9.999960623914115887e-01
2.321742000000000061e+01 -1.086696000000000051e-01 -6.032426000000000066e+00 3.179241000000000099e+02 -1.521414810177736544e-03 1.898756169643631966e-03 2.380672280807142206e-03 9.999942061939534055e-01
2.332140000000000057e+01 -1.058419000000000026e-01 -6.068361999999999590e+00 3.195525000000000091e+02 -8.643087743075807735e-04 2.038882031324076253e-03 3.095669516257938854e-03 9.999927563540902398e-01
2.342539999999999978e+01 -1.039698000000000011e-01 -6.106844999999999857e+00 3.211822999999999979e+02 -8.818373355144946664e-04 2.209170376586529639e-03 3.480513727715034682e-03 9.999911139371947533e-01
2.352955000000000041e+01 -1.009179000000000048e-01 -6.143404000000000309e+00 3.228138999999999896e+02 -1.091279437807726391e-03 2.308396436966807241e-03 3.418102406655107277e-03 9.999908984540888390e-01
2.363354999999999961e+01 -9.883113000000000314e-02 -6.185281999999999947e+00 3.244397000000000162e+02 -9.901232484850219263e-04 2.552842793520976837e-03 3.485584005320225935e-03 9.999901766286337645e-01
2.373752999999999957e+01 -9.648437999999999459e-02 -6.224088000000000065e+00 3.260681999999999903e+02 -6.898177439952688341e-04 2.793207426273889259e-03 2.764024616712627055e-03 9.999920411241642881e-01
2.384166000000000096e+01 -9.411052000000000306e-02 -6.268818999999999697e+00 3.276976000000000226e+02 -3.110847617041965617e-04 3.128172798007188352e-03 2.369002088270999711e-03 9.999922527651516901e-01
2.394565000000000055e+01 -8.496955999999999953e-02 -6.305428000000000033e+00 3.293242000000000189e+02 -1.207544663557908338e-03 3.551596667514627086e-03 2.929351226578427204e-03 9.999886733850482656e-01
2.404964999999999975e+01 -7.442717999999999556e-02 -6.342113000000000334e+00 3.309508000000000152e+02 -1.762481558654362341e-03 3.618030463679703518e-03 3.377059338335149357e-03 9.999861993970441398e-01
2.415367000000000175e+01 -6.421230999999999467e-02 -6.372244000000000241e+00 3.325693999999999733e+02 -1.030725931869444154e-03 3.465463970665693880e-03 3.990755466195745546e-03 9.999855009120532934e-01
2.425778000000000034e+01 -5.844894999999999952e-02 -6.413496999999999559e+00 3.341893000000000029e+02 -1.083525113222697390e-03 3.471297629644719968e-03 3.588195488838460349e-03 9.999869503744687194e-01
2.436177999999999955e+01 -5.434960999999999959e-02 -6.450779999999999959e+00 3.358023999999999774e+02 -4.084558180248238821e-04 3.417665272241396379e-03 2.392342282875464798e-03 9.999912146745755237e-01
2.446577999999999875e+01 -4.949748000000000342e-02 -6.492550999999999739e+00 3.374096999999999866e+02 1.747335309575698660e-03 3.051543153157176922e-03 1.791325640058414768e-03 9.999922129977569796e-01
2.456978000000000151e+01 -4.548042000000000057e-02 -6.532187999999999661e+00 3.390210999999999899e+02 1.181212976416531673e-03 2.615890632659015509e-03 1.000186381638415879e-03 9.999953807289833074e-01
2.467389999999999972e+01 -4.257007000000000152e-02 -6.571397000000000155e+00 3.406286999999999807e+02 -5.322985053182532292e-04 2.181536615238173753e-03 7.299915654288243513e-04 9.999972123304200489e-01
2.477789999999999893e+01 -3.930295999999999790e-02 -6.601810999999999652e+00 3.422461999999999875e+02 -2.156575235756671115e-03 1.650016074153234143e-03 1.377741649999409692e-04 9.999963038174127794e-01
2.488203000000000031e+01 -3.681003000000000053e-02 -6.628917999999999644e+00 3.438528000000000020e+02 -1.528133340196675830e-03 1.045691513749063975e-03 -1.047189801142515140e-04 9.999982801843648739e-01
2.498601999999999990e+01 -3.514658999999999839e-02 -6.652782000000000195e+00 3.454524999999999864e+02 -5.087148150610129940e-04 1.359412660752411500e-04 2.219862054819035451e-04 9.999998367256535126e-01
2.509017000000000053e+01 -3.454789999999999944e-02 -6.677643999999999913e+00 3.470554000000000201e+02 -1.291406819479108637e-03 -8.119728602220590554e-04 7.208787637396841174e-04 9.999985766501414686e-01
2.519415000000000049e+01 -3.707175000000000054e-02 -6.708152000000000115e+00 3.486551000000000045e+02 -1.725044377766751487e-03 -1.310103850481171128e-03 1.533568656752455715e-03 9.999964780022835287e-01
2.529827999999999832e+01 -4.156332000000000082e-02 -6.737238999999999756e+00 3.502531999999999925e+02 -1.247658430101636611e-03 -1.526673654381694323e-03 1.672904117668983729e-03 9.999966569983161913e-01
2.540240000000000009e+01 -5.261017999999999945e-02 -6.773058999999999941e+00 3.518478000000000065e+02 -7.976714115605270999e-04 -1.635240237947936789e-03 2.004447102086578687e-03 9.999963359440364741e-01
2.550653000000000148e+01 -6.277075000000000016e-02 -6.805862000000000300e+00 3.534463999999999828e+02 -8.263096374037232333e-04 -1.645466706817036917e-03 2.037041450269442677e-03 9.999962300498085321e-01
2.561054000000000030e+01 -7.506606000000000389e-02 -6.843563999999999758e+00 3.550378999999999792e+02 -7.390351362056430925e-04 -1.629976317874022021e-03 2.284176394205800122e-03 9.999957897623722447e-01
2.571464999999999890e+01 -8.570355999999999808e-02 -6.882551999999999559e+00 3.566308000000000220e+02 -4.382668775878444437e-04 -1.645664463151807512e-03 2.608648631376501298e-03 9.999951473196937446e-01
2.581865000000000165e+01 -9.729988999999999999e-02 -6.921763000000000332e+00 3.582217999999999734e+02 -1.077342771591442092e-04 -1.708719992606980587e-03 2.701066749979863599e-03 9.999948864407881555e-01
2.592277999999999949e+01 -1.091014000000000012e-01 -6.958714999999999762e+00 3.598125000000000000e+02 -2.863580552311039361e-04 -1.672053891700441518e-03 2.949148398677706260e-03 9.999942123625364943e-01
2.602697999999999823e+01 -1.223014000000000046e-01 -6.995935000000000237e+00 3.614037000000000148e+02 2.152900994005781078e-04 -1.635483553126976155e-03 2.734034017208787550e-03 9.999949019378618909e-01
2.613090000000000046e+01 -1.322205999999999937e-01 -7.034017000000000408e+00 3.629889999999999759e+02 8.263126430637660275e-04 -1.602595841775139671e-03 3.494198191578204264e-03 9.999922697066121469e-01
2.623505000000000109e+01 -1.419951999999999881e-01 -7.072716999999999921e+00 3.645867000000000075e+02 8.511596726742881927e-05 -1.542456058975611279e-03 4.171844052761867865e-03 9.999901046019293860e-01
2.633915000000000006e+01 -1.552998999999999907e-01 -7.112397999999999776e+00 3.661838000000000193e+02 -4.920984269740224940e-04 -1.605401299074149350e-03 5.004454679107725977e-03 9.999860678825343019e-01
2.644329000000000107e+01 -1.668614999999999959e-01 -7.146884000000000015e+00 3.677810999999999808e+02 -1.429506736873502955e-04 -1.580821709570348491e-03 5.279112672828183660e-03 9.999848056531733809e-01
2.654779999999999873e+01 -1.858911000000000036e-01 -7.188290000000000290e+00 3.693865999999999872e+02 2.950820247867739295e-04 -1.394448999712707754e-03 4.721895558999447684e-03 9.999878359964764485e-01
2.665140999999999849e+01 -2.029185000000000016e-01 -7.225081000000000309e+00 3.709753000000000043e+02 -3.316114401337081187e-04 -1.152511056112078902e-03 3.717883680067552137e-03 9.999923695174177674e-01
2.675793000000000177e+01 -2.229981000000000047e-01 -7.268839999999999968e+00 3.726154000000000224e+02 -4.797812428840944349e-04 -9.013061533999136956e-04 3.050506521954242985e-03 9.999948259201825174e-01
2.686258000000000123e+01 -2.378134000000000081e-01 -7.306808000000000192e+00 3.742253000000000043e+02 -3.543727576119312401e-04 -7.166544078759542026e-04 2.849484290663459232e-03 9.999956206232535338e-01
2.696366000000000085e+01 -2.519893000000000272e-01 -7.344935999999999687e+00 3.757810999999999808e+02 4.429396156432279885e-05 -6.001164427262750591e-04 2.939702496733864745e-03 9.999954980136315230e-01
2.706782000000000110e+01 -2.625877999999999823e-01 -7.379336000000000340e+00 3.773872999999999820e+02 1.670954796636009378e-04 -4.594133191290231078e-04 2.858910565880376509e-03 9.999957938155937809e-01
2.717192000000000007e+01 -2.704012000000000082e-01 -7.414418000000000397e+00 3.789929000000000201e+02 1.941062036343221473e-04 -3.469821381886114523e-04 2.667857223706774934e-03 9.999963622253886797e-01
2.727606000000000108e+01 -2.783585000000000087e-01 -7.448411000000000115e+00 3.806071000000000026e+02 1.348947742226851891e-04 -1.909611195356092654e-04 2.091631623091436132e-03 9.999977852047495785e-01
2.738014000000000081e+01 -2.877925000000000066e-01 -7.485057000000000293e+00 3.822201999999999771e+02 -2.259778184830110574e-04 -2.810315754275949639e-05 1.445689574396141113e-03 9.999989290623729765e-01
2.748470000000000013e+01 -2.960865999999999776e-01 -7.522078999999999738e+00 3.838408000000000015e+02 8.139082908479244264e-05 1.056553123347280719e-04 8.692613109431785107e-04 9.999996132985560227e-01
2.758840999999999966e+01 -3.039651999999999910e-01 -7.558709000000000344e+00 3.854511999999999716e+02 3.739416307168490585e-04 2.404848476295660747e-04 4.372817187933745152e-04 9.999998055596778235e-01
2.769253000000000142e+01 -3.110173999999999994e-01 -7.596747999999999834e+00 3.870677999999999770e+02 3.262807098425485916e-04 4.036686404914188384e-04 6.410785708242166473e-05 9.999998632413458211e-01
2.779654000000000025e+01 -3.164538000000000073e-01 -7.631598000000000326e+00 3.886856999999999971e+02 -1.332792436387260110e-04 5.303851660640527795e-04 -5.583424357536812682e-04 9.999996945909248591e-01
2.790067000000000164e+01 -3.206582000000000043e-01 -7.664429000000000158e+00 3.903059000000000083e+02 -4.920893647107361371e-04 7.256467333205727068e-04 -1.120977405244777403e-03 9.999989873467534096e-01
2.800523000000000096e+01 -3.238002999999999854e-01 -7.696195000000000341e+00 3.919359000000000037e+02 -1.585640855693472165e-04 9.195500970185369657e-04 -1.451831431828745937e-03 9.999985107341622381e-01
2.810894000000000048e+01 -3.237896000000000107e-01 -7.731690999999999647e+00 3.935579000000000178e+02 -2.307596320122130222e-04 1.045534989050319382e-03 -1.462969937709675044e-03 9.999983566614200070e-01
