1.520622052587196112e+09 -3.465413302183151245e-02 -1.413436140865087509e-02 -1.855180785059928894e-02 9.544675238430500031e-03 1.580256782472133636e-02 9.998033642768859863e-01 7.245913613587617874e-03
1.520622052687199116e+09 -3.465413302183151245e-02 -1.413436140865087509e-02 -1.855180785059928894e-02 9.544675238430500031e-03 1.580256782472133636e-02 9.998033642768859863e-01 7.245913613587617874e-03
1.520622052787202358e+09 -3.465413302183151245e-02 -1.413436140865087509e-02 -1.855180785059928894e-02 9.544675238430500031e-03 1.580256782472133636e-02 9.998033642768859863e-01 7.245913613587617874e-03
1.520622052887206078e+09 -3.465413302183151245e-02 -1.413436140865087509e-02 -1.855180785059928894e-02 9.544675238430500031e-03 1.580256782472133636e-02 9.998033642768859863e-01 7.245913613587617874e-03
1.520622052987177134e+09 -7.312779873609542847e-02 3.245983645319938660e-02 -2.397559396922588348e-02 6.157602649182081223e-03 1.399316266179084778e-02 9.998738765716552734e-01 4.309435375034809113e-03
1.520622053087180376e+09 -8.007133752107620239e-02 4.034249857068061829e-02 -2.528703399002552032e-02 5.490434356033802032e-03 1.295247953385114670e-02 9.998927116394042969e-01 4.085943102836608887e-03
1.520622053187183380e+09 -8.234742283821105957e-02 4.108544066548347473e-02 -2.590547688305377960e-02 4.983622115105390549e-03 9.640803560614585876e-03 9.999313950538635254e-01 4.418213851749897003e-03
1.520622053287186146e+09 -8.439131081104278564e-02 4.842174798250198364e-02 -2.738542668521404266e-02 4.649032372981309891e-03 9.320137090981006622e-03 9.999371170997619629e-01 4.158111754804849625e-03
1.520622053387239456e+09 -8.679198473691940308e-02 5.633768439292907715e-02 -2.790386229753494263e-02 4.252546932548284531e-03 9.478662163019180298e-03 9.999402761459350586e-01 3.412972437217831612e-03
1.520622053487243176e+09 -8.759995549917221069e-02 5.695712566375732422e-02 -2.828627265989780426e-02 3.905689576640725136e-03 8.668482303619384766e-03 9.999487400054931641e-01 3.474916564300656319e-03
1.520622053587246418e+09 -9.425522387027740479e-02 4.699325934052467346e-02 -2.850608527660369873e-02 3.570528700947761536e-03 9.286336600780487061e-03 9.999437928199768066e-01 3.663887735456228256e-03
1.520622053687249422e+09 -9.356533735990524292e-02 2.952591702342033386e-02 -2.977401949465274811e-02 3.975246101617813110e-03 1.313955988734960556e-02 9.998961091041564941e-01 4.411406349390745163e-03
1.520622053787262917e+09 -8.650446683168411255e-02 2.124395966529846191e-02 -2.990874648094177246e-02 4.516917280852794647e-03 1.388000790029764175e-02 9.998825192451477051e-01 4.681923892349004745e-03
1.520622053887266159e+09 -7.809340208768844604e-02 2.354931831359863281e-02 -2.901566587388515472e-02 4.989893175661563873e-03 1.225745957344770432e-02 9.999017715454101562e-01 4.622711800038814545e-03
1.520622053987269163e+09 -7.710772752761840820e-02 2.674408257007598877e-02 -2.878888882696628571e-02 4.706894978880882263e-03 1.498752180486917496e-02 9.998657107353210449e-01 4.675537813454866409e-03
1.520622054087272167e+09 -7.468010485172271729e-02 2.746905386447906494e-02 -2.830543741583824158e-02 4.728772677481174469e-03 1.563271507620811462e-02 9.998546838760375977e-01 4.887851886451244354e-03
1.520622054187274933e+09 -7.184163480997085571e-02 2.648241631686687469e-02 -2.915515750646591187e-02 4.477480426430702209e-03 1.513661630451679230e-02 9.998654127120971680e-01 4.473239183425903320e-03
1.520622054287248373e+09 -7.543088495731353760e-02 2.650993689894676208e-02 -2.931970916688442230e-02 4.278554115444421768e-03 1.633953116834163666e-02 9.998457431793212891e-01 4.823679104447364807e-03
1.520622054387251377e+09 -7.553320378065109253e-02 3.137812390923500061e-02 -2.922644838690757751e-02 4.350908566266298294e-03 1.636134274303913116e-02 9.998453855514526367e-01 4.752832930535078049e-03
1.520622054487255335e+09 -7.116605341434478760e-02 3.069785423576831818e-02 -2.884255722165107727e-02 4.381034057587385178e-03 1.799025386571884155e-02 9.998182058334350586e-01 4.555705934762954712e-03
1.520622054587258339e+09 -6.594546884298324585e-02 2.909666113555431366e-02 -2.932493947446346283e-02 4.784153774380683899e-03 1.892311125993728638e-02 9.997966885566711426e-01 5.064278375357389450e-03
1.520622054687264919e+09 -6.327235698699951172e-02 3.442448005080223083e-02 -2.854056470096111298e-02 4.799944814294576645e-03 1.724410057067871094e-02 9.998296499252319336e-01 4.513904917985200882e-03
1.520622054787267923e+09 -6.175845861434936523e-02 4.127730429172515869e-02 -2.786051854491233826e-02 4.893966019153594971e-03 1.359994895756244659e-02 9.998866915702819824e-01 4.210668615996837616e-03
1.520622054887271881e+09 -6.218186020851135254e-02 3.677362576127052307e-02 -2.817421965301036835e-02 4.679533187299966812e-03 1.302522979676723480e-02 9.998955726623535156e-01 4.168467130511999130e-03
1.520622054987275124e+09 -5.973375216126441956e-02 3.212779015302658081e-02 -2.821312844753265381e-02 4.840021952986717224e-03 1.302868127822875977e-02 9.998933672904968262e-01 4.491833969950675964e-03
1.520622055087284565e+09 -5.985650420188903809e-02 3.381557017564773560e-02 -2.825403586030006409e-02 5.055153276771306992e-03 1.169747114181518555e-02 9.999083876609802246e-01 4.572264850139617920e-03
1.520622055187288523e+09 -6.320759654045104980e-02 3.757399693131446838e-02 -2.819416113197803497e-02 4.563953261822462082e-03 1.147958636283874512e-02 9.999131560325622559e-01 4.593454767018556595e-03
1.520622055287291765e+09 -6.343267858028411865e-02 4.185460507869720459e-02 -2.790291793644428253e-02 4.362361039966344833e-03 1.033975463360548019e-02 9.999274015426635742e-01 4.388528876006603241e-03
1.520622055387294531e+09 -6.274865567684173584e-02 4.291847720742225647e-02 -2.743861638009548187e-02 4.485884681344032288e-03 1.167757809162139893e-02 9.999122023582458496e-01 4.387489985674619675e-03
1.520622055487300396e+09 -6.020843237638473511e-02 4.600161686539649963e-02 -2.675252035260200500e-02 4.536356776952743530e-03 1.275308430194854736e-02 9.998983144760131836e-01 4.499611444771289825e-03
1.520622055587303162e+09 -5.869735404849052429e-02 4.903855919837951660e-02 -2.582725510001182556e-02 4.715969786047935486e-03 1.236463338136672974e-02 9.999034404754638672e-01 4.249329678714275360e-03
1.520622055687306166e+09 -5.461109802126884460e-02 5.223411694169044495e-02 -2.551080100238323212e-02 5.126682575792074203e-03 1.135695911943912506e-02 9.999139308929443359e-01 4.118768032640218735e-03
1.520622055787309408e+09 -5.143502354621887207e-02 5.730292573571205139e-02 -2.395961992442607880e-02 5.533490795642137527e-03 1.100645679980516434e-02 9.999160766601562500e-01 4.021748900413513184e-03
1.520622055887327909e+09 -4.926614835858345032e-02 6.566402316093444824e-02 -2.291493304073810577e-02 5.594380665570497513e-03 1.079946663230657578e-02 9.999188780784606934e-01 3.785340348258614540e-03
1.520622055987331152e+09 -4.625043272972106934e-02 6.733293086290359497e-02 -2.147250808775424957e-02 6.142682395875453949e-03 8.907189592719078064e-03 9.999340176582336426e-01 3.867691615596413612e-03
1.520622056087335110e+09 -4.612215608358383179e-02 6.431967765092849731e-02 -2.037365920841693878e-02 6.973724812269210815e-03 7.328895851969718933e-03 9.999409317970275879e-01 3.992284182459115982e-03
1.520622056187337875e+09 -4.940251260995864868e-02 5.955477058887481689e-02 -1.951030828058719635e-02 6.990526337176561356e-03 6.840775720775127411e-03 9.999434947967529297e-01 4.170612897723913193e-03
1.520622056287363768e+09 -5.594046786427497864e-02 5.988926440477371216e-02 -1.840624585747718811e-02 7.207062561064958572e-03 6.508043967187404633e-03 9.999431371688842773e-01 4.425265826284885406e-03
1.520622056387367010e+09 -6.290379911661148071e-02 6.501652300357818604e-02 -1.736299693584442139e-02 7.675461936742067337e-03 4.843354690819978714e-03 9.999491572380065918e-01 4.397778771817684174e-03
1.520622056487370729e+09 -6.994330883026123047e-02 6.981512159109115601e-02 -1.631281524896621704e-02 8.094657212495803833e-03 2.778692170977592468e-03 9.999544024467468262e-01 4.240787588059902191e-03
1.520622056587373734e+09 -8.117471635341644287e-02 7.274001091718673706e-02 -1.555874198675155640e-02 9.252117946743965149e-03 5.606515915133059025e-04 9.999440908432006836e-01 5.096596665680408478e-03
1.520622056687382936e+09 -9.584728628396987915e-02 8.012612909078598022e-02 -1.427147258073091507e-02 1.052524801343679428e-02 -3.208814887329936028e-03 9.999178647994995117e-01 6.575943436473608017e-03
1.520622056787385941e+09 -1.141517013311386108e-01 9.116926789283752441e-02 -1.416241470724344254e-02 1.179467793554067612e-02 -6.114665418863296509e-03 9.998904466629028320e-01 6.535110529512166977e-03
1.520622056887388945e+09 -1.311978101730346680e-01 1.019956544041633606e-01 -1.417547091841697693e-02 1.302643772214651108e-02 -6.714298855513334274e-03 9.998731613159179688e-01 6.244353950023651123e-03
1.520622056987391949e+09 -1.534764170646667480e-01 1.074117869138717651e-01 -1.503689866513013840e-02 1.367014460265636444e-02 -2.909963019192218781e-03 9.998836517333984375e-01 6.126245018094778061e-03
1.520622057087437391e+09 -1.801356524229049683e-01 1.080882102251052856e-01 -1.476953458040952682e-02 1.411035284399986267e-02 -1.776263234205543995e-03 9.998789429664611816e-01 6.311663426458835602e-03
1.520622057187440395e+09 -2.086086571216583252e-01 1.040082573890686035e-01 -1.627485826611518860e-02 1.256872247904539108e-02 -3.350725397467613220e-03 9.998993277549743652e-01 5.673925392329692841e-03
1.520622057287443399e+09 -2.509326934814453125e-01 1.080608069896697998e-01 -1.521094795316457748e-02 1.099473983049392700e-02 -5.689920391887426376e-03 9.999034404754638672e-01 6.321063730865716934e-03
1.520622057387446165e+09 -2.897764444351196289e-01 1.145613268017768860e-01 -1.513850130140781403e-02 7.971153594553470612e-03 -6.310586817562580109e-03 9.999367594718933105e-01 4.816013388335704803e-03
1.520622057487476587e+09 -3.165372908115386963e-01 1.163153499364852905e-01 -1.487816218286752701e-02 8.096409030258655548e-03 -4.726606130134314299e-04 9.999611973762512207e-01 3.439214313402771950e-03
1.520622057587479591e+09 -3.308198153972625732e-01 8.769298344850540161e-02 -1.358843315392732620e-02 1.091609150171279907e-02 8.493597619235515594e-03 9.999004602432250977e-01 2.800774062052369118e-03
1.520622057687483549e+09 -3.416825830936431885e-01 3.323818370699882507e-02 -9.633546695113182068e-03 1.209078170359134674e-02 1.616126485168933868e-02 9.997881054878234863e-01 4.044916946440935135e-03
1.520622057787486553e+09 -3.518750071525573730e-01 -1.662678830325603485e-02 -8.318479172885417938e-03 1.159828435629606247e-02 2.465785481035709381e-02 9.996232986450195312e-01 3.288598265498876572e-03
1.520622057887430906e+09 -3.483500182628631592e-01 -3.265997022390365601e-02 -5.577062722295522690e-03 1.199046149849891663e-02 3.331010416150093079e-02 9.993730783462524414e-01 4.626393201760947704e-04
1.520622057987433672e+09 -3.325286507606506348e-01 -3.695190697908401489e-02 -4.943022970110177994e-03 1.101205311715602875e-02 3.875103592872619629e-02 9.991844296455383301e-01 -2.759771654382348061e-03
1.520622058087436914e+09 -3.058190643787384033e-01 -5.817229673266410828e-02 -4.715661983937025070e-03 9.939931333065032959e-03 4.382696375250816345e-02 9.989855885505676270e-01 -2.887260867282748222e-03
1.520622058187440872e+09 -2.567690908908843994e-01 -8.788448572158813477e-02 -8.136344142258167267e-03 9.085269644856452942e-03 4.510034248232841492e-02 9.989380240440368652e-01 -2.527373377233743668e-03
1.520622058287320137e+09 -1.946119368076324463e-01 -1.109217256307601929e-01 -1.209868025034666061e-02 7.618756964802742004e-03 3.939558938145637512e-02 9.991851449012756348e-01 -4.359725397080183029e-03
1.520622058387323141e+09 -1.289651542901992798e-01 -1.029160022735595703e-01 -1.838895864784717560e-02 4.393667913973331451e-03 2.679917588829994202e-02 9.996131062507629395e-01 -6.016997620463371277e-03
1.520622058487325907e+09 -5.898293852806091309e-02 -7.271607965230941772e-02 -2.375221624970436096e-02 -6.081773899495601654e-04 1.821220479905605316e-02 9.998092651367187500e-01 -7.029743865132331848e-03
1.520622058587328911e+09 8.581494912505149841e-04 -3.774384409189224243e-02 -2.907191589474678040e-02 -6.860026158392429352e-03 6.628429051488637924e-03 9.999374747276306152e-01 -5.847683176398277283e-03
1.520622058687289000e+09 4.133368656039237976e-02 1.090742088854312897e-02 -3.081700950860977173e-02 -8.183899335563182831e-03 2.203583717346191406e-03 9.999530911445617676e-01 -4.689616151154041290e-03
1.520622058787292242e+09 7.279101014137268066e-02 7.196051627397537231e-02 -2.798592671751976013e-02 -1.680641621351242065e-02 -1.496854005381464958e-03 9.998576641082763672e-01 1.053583036991767585e-04
1.520622058887295008e+09 1.186356544494628906e-01 1.174119189381599426e-01 -2.931790612637996674e-02 -2.431074157357215881e-02 -2.098922617733478546e-03 9.996955990791320801e-01 3.650730242952704430e-03
1.520622058987298012e+09 1.726928949356079102e-01 1.568327844142913818e-01 -2.820996195077896118e-02 -2.719479054212570190e-02 4.579909611493349075e-03 9.996055960655212402e-01 5.305931437760591507e-03
1.520622059087301016e+09 2.313005924224853516e-01 1.737561672925949097e-01 -2.384485676884651184e-02 -2.995275892317295074e-02 1.251118909567594528e-02 9.994634389877319336e-01 4.381192848086357117e-03
1.520622059187496662e+09 2.856131196022033691e-01 1.692919433116912842e-01 -1.760941371321678162e-02 -2.313078567385673523e-02 2.849121950566768646e-02 9.992994666099548340e-01 7.334020920097827911e-03
1.520622059287500620e+09 3.585241436958312988e-01 1.544302403926849365e-01 -1.057012192904949188e-02 -2.500402927398681641e-02 3.560070693492889404e-02 9.990275502204895020e-01 7.167928852140903473e-03
1.520622059387503624e+09 4.291314780712127686e-01 1.478279680013656616e-01 -2.206573961302638054e-03 -2.909202314913272858e-02 3.685018792748451233e-02 9.988783001899719238e-01 6.162669975310564041e-03
1.520622059487506628e+09 4.935891926288604736e-01 1.442791372537612915e-01 1.031412929296493530e-02 -3.197669610381126404e-02 3.306053206324577332e-02 9.989237785339355469e-01 5.991442594677209854e-03
1.520622059587670326e+09 5.479101538658142090e-01 1.316438168287277222e-01 2.230687439441680908e-02 -3.678494319319725037e-02 2.654984407126903534e-02 9.989551305770874023e-01 5.535451695322990417e-03
1.520622059687673092e+09 6.033865213394165039e-01 1.280598193407058716e-01 2.448579482734203339e-02 -3.694727271795272827e-02 1.625856570899486542e-02 9.991650581359863281e-01 6.306077819317579269e-03
1.520622059787676096e+09 6.387858986854553223e-01 1.034181937575340271e-01 3.290174528956413269e-02 -3.951200470328330994e-02 4.870835226029157639e-03 9.991900324821472168e-01 5.870561115443706512e-03
1.520622059887680292e+09 6.610451340675354004e-01 6.344936043024063110e-02 3.964674472808837891e-02 -4.118907451629638672e-02 -2.408259781077504158e-03 9.991291165351867676e-01 6.230845116078853607e-03
1.520622059987705231e+09 6.841723322868347168e-01 1.804421655833721161e-02 4.338445886969566345e-02 -4.713939502835273743e-02 1.894271117635071278e-04 9.988881349563598633e-01 6.321853725239634514e-04
1.520622060087708235e+09 6.831699013710021973e-01 -2.406487707048654556e-03 4.159531369805335999e-02 -4.700342193245887756e-02 2.022824482992291451e-03 9.988927245140075684e-01 -1.692195655778050423e-04
1.520622060187711239e+09 6.650421023368835449e-01 -4.872566089034080505e-02 3.063577972352504730e-02 -4.588956758379936218e-02 5.171737633645534515e-03 9.989292621612548828e-01 -2.782355528324842453e-03
1.520622060287714243e+09 6.476550102233886719e-01 -8.931747078895568848e-02 1.745614968240261078e-02 -4.506110399961471558e-02 9.842042811214923859e-03 9.989271759986877441e-01 -4.143777303397655487e-03
1.520622060387501240e+09 6.066445708274841309e-01 -1.032688319683074951e-01 1.144056953489780426e-02 -4.209301993250846863e-02 1.782863028347492218e-02 9.989522099494934082e-01 -2.205330180004239082e-03
1.520622060487504482e+09 5.864147543907165527e-01 -9.458767622709274292e-02 -1.078350655734539032e-02 -4.240609705448150635e-02 2.324413321912288666e-02 9.988300204277038574e-01 -1.184978536912240088e-04
1.520622060587507486e+09 5.328058600425720215e-01 -7.948838174343109131e-02 -2.762153744697570801e-02 -4.078036174178123474e-02 2.617736347019672394e-02 9.988244175910949707e-01 1.248170505277812481e-03
1.520622060687510490e+09 4.730227589607238770e-01 -3.072110004723072052e-02 -4.734536260366439819e-02 -3.813030198216438293e-02 2.536142431199550629e-02 9.989507794380187988e-01 -3.970936231780797243e-04
1.520622060787376404e+09 4.166428744792938232e-01 4.256263002753257751e-02 -6.148193776607513428e-02 -3.546736016869544983e-02 1.899996027350425720e-02 9.991900920867919922e-01 5.341008072718977928e-04
1.520622060887380362e+09 3.708720505237579346e-01 8.322194963693618774e-02 -7.618541270494461060e-02 -3.455359861254692078e-02 4.908045521005988121e-04 9.993939995765686035e-01 4.181043244898319244e-03
1.520622060987383604e+09 2.998863160610198975e-01 1.066573932766914368e-01 -6.315723061561584473e-02 -2.295805700123310089e-02 -9.839367121458053589e-03 9.996399879455566406e-01 9.798673912882804871e-03
1.520622061087386370e+09 2.396662533283233643e-01 1.394763290882110596e-01 -6.644992530345916748e-02 -1.725459843873977661e-02 -2.078684419393539429e-02 9.995956420898437500e-01 8.877754211425781250e-03
1.520622061187522650e+09 1.894729584455490112e-01 1.865576058626174927e-01 -7.187950611114501953e-02 -1.664715260267257690e-02 -2.206183597445487976e-02 9.995626807212829590e-01 1.052437350153923035e-02
1.520622061287525415e+09 1.495644897222518921e-01 1.934928148984909058e-01 -7.623825222253799438e-02 -1.072045415639877319e-02 -3.525175852701067924e-03 9.999362826347351074e-01 3.907261416316032410e-04
1.520622061387528419e+09 -2.002247842028737068e-03 2.880862057209014893e-01 -6.801124662160873413e-02 -3.188677830621600151e-03 1.871469616889953613e-02 9.997645616531372070e-01 1.050967909395694733e-02
1.520622061487532616e+09 -3.000548481941223145e-02 2.885036766529083252e-01 -6.620964407920837402e-02 2.377583878114819527e-03 2.164354734122753143e-02 9.997255802154541016e-01 8.642253465950489044e-03
1.520622061587807417e+09 -3.522191569209098816e-02 2.746531665325164795e-01 -6.441093236207962036e-02 7.857467979192733765e-03 1.667253673076629639e-02 9.997990727424621582e-01 7.885653525590896606e-03
1.520622061687810421e+09 -3.410680592060089111e-02 2.667934596538543701e-01 -6.375202536582946777e-02 1.427312195301055908e-02 6.804817821830511093e-03 9.998448491096496582e-01 7.772880606353282928e-03
1.520622061787813425e+09 -6.308045983314514160e-02 2.357510775327682495e-01 -6.296537816524505615e-02 2.031398564577102661e-02 4.247075412422418594e-03 9.997773170471191406e-01 3.826892934739589691e-03
1.520622061887816429e+09 -2.280856966972351074e-01 6.262955069541931152e-02 -2.980626001954078674e-02 2.351825498044490814e-02 5.759290419518947601e-03 9.996964931488037109e-01 4.563058726489543915e-03
1.520622061987797260e+09 -2.746719121932983398e-01 4.156399518251419067e-03 -2.025275491178035736e-02 2.882126718759536743e-02 1.918999105691909790e-02 9.993997812271118164e-01 1.160347019322216511e-03
1.520622062087716103e+09 -3.224903345108032227e-01 -5.605903640389442444e-02 -6.019727326929569244e-03 3.384590893983840942e-02 2.877718582749366760e-02 9.990125894546508789e-01 5.223659682087600231e-04
1.520622062187719107e+09 -3.778852522373199463e-01 -1.400639712810516357e-01 -5.902975331991910934e-03 3.176780417561531067e-02 3.391310200095176697e-02 9.988985657691955566e-01 -6.517878733575344086e-03
1.520622062287722349e+09 -4.475830197334289551e-01 -1.825482100248336792e-01 3.615050390362739563e-02 4.797853156924247742e-02 2.479996904730796814e-02 9.985345005989074707e-01 -3.454983001574873924e-03
1.520622062387407541e+09 -5.085557103157043457e-01 -1.905287653207778931e-01 4.287368059158325195e-02 5.468886345624923706e-02 2.357620373368263245e-02 9.982163310050964355e-01 -4.192238673567771912e-03
1.520622062487411737e+09 -5.635466575622558594e-01 -1.816236674785614014e-01 4.910065606236457825e-02 6.324055790901184082e-02 2.274119295179843903e-02 9.977356195449829102e-01 -2.692456590011715889e-03
1.520622062587414742e+09 -6.130716204643249512e-01 -1.389967352151870728e-01 5.352849140763282776e-02 7.638566195964813232e-02 2.102258428931236267e-02 9.968567490577697754e-01 7.875882147345691919e-05
1.520622062687417507e+09 -6.595386266708374023e-01 -4.446847736835479736e-02 5.268880352377891541e-02 8.050610870122909546e-02 1.977147348225116730e-02 9.964840412139892578e-01 1.214674673974514008e-02
1.520622062787362814e+09 -6.568506956100463867e-01 9.277127683162689209e-03 4.193191602826118469e-02 7.860368490219116211e-02 3.173625841736793518e-02 9.962634444236755371e-01 1.653869077563285828e-02
1.520622062887365818e+09 -6.919727921485900879e-01 1.727122813463211060e-02 2.462681010365486145e-02 7.658016681671142578e-02 4.542145878076553345e-02 9.957627654075622559e-01 2.299940586090087891e-02
1.520622062987369776e+09 -7.305816411972045898e-01 6.247931718826293945e-02 2.037281356751918793e-02 7.831753045320510864e-02 4.174984619021415710e-02 9.957084059715270996e-01 2.623254619538784027e-02
1.520622063087371826e+09 -7.661328315734863281e-01 1.475754231214523315e-01 1.797294244170188904e-02 7.367110997438430786e-02 3.977371007204055786e-02 9.960103034973144531e-01 3.089069947600364685e-02
1.520622063187555075e+09 -7.920980453491210938e-01 2.384448647499084473e-01 1.065910095348954201e-03 7.082236558198928833e-02 4.051755741238594055e-02 9.961023330688476562e-01 3.350791335105895996e-02
1.520622063287558079e+09 -7.613979578018188477e-01 2.469814121723175049e-01 -2.528320811688899994e-02 6.957878172397613525e-02 3.930803388357162476e-02 9.963601231575012207e-01 2.966798096895217896e-02
1.520622063387561321e+09 -6.873358488082885742e-01 2.139921784400939941e-01 -6.408578902482986450e-02 6.302503496408462524e-02 3.403649851679801941e-02 9.969275593757629395e-01 3.170184791088104248e-02
1.520622063487564325e+09 -6.117581725120544434e-01 1.500025540590286255e-01 -1.129936948418617249e-01 5.624954029917716980e-02 2.857528626918792725e-02 9.975051283836364746e-01 3.167150914669036865e-02
1.520622063587616205e+09 -5.533764362335205078e-01 1.412581056356430054e-01 -1.524730324745178223e-01 5.690852552652359009e-02 2.536510676145553589e-02 9.976837038993835449e-01 2.729962393641471863e-02
1.520622063687753439e+09 -5.249586701393127441e-01 1.253875643014907837e-01 -1.817509531974792480e-01 5.489430949091911316e-02 1.988306269049644470e-02 9.981318712234497070e-01 1.800141856074333191e-02
1.520622063787756443e+09 -4.631147086620330811e-01 9.679408371448516846e-02 -2.088840752840042114e-01 4.889293760061264038e-02 9.333809837698936462e-03 9.985924363136291504e-01 1.831752620637416840e-02
1.520622063887759686e+09 -4.307757616043090820e-01 4.378983005881309509e-02 -1.918954551219940186e-01 2.840559929609298706e-02 1.000575255602598190e-02 9.992246031761169434e-01 2.536383457481861115e-02
1.520622063987762451e+09 -3.816401362419128418e-01 1.555320806801319122e-02 -2.044188380241394043e-01 1.777436025440692902e-02 9.117797948420047760e-03 9.994593262672424316e-01 2.611772716045379639e-02
1.520622064087640762e+09 -3.158635199069976807e-01 7.792842108756303787e-03 -2.158371210098266602e-01 1.059898268431425095e-02 8.255878463387489319e-03 9.995742440223693848e-01 2.590104565024375916e-02
1.520622064187644005e+09 -2.384197115898132324e-01 2.403380535542964935e-02 -2.109632641077041626e-01 1.030014269053936005e-02 -2.008277690038084984e-03 9.994841217994689941e-01 3.035453148186206818e-02
1.520622064287647009e+09 -1.565290242433547974e-01 7.780811935663223267e-02 -2.171994447708129883e-01 6.533997599035501480e-03 2.256386447697877884e-03 9.995710849761962891e-01 2.845873497426509857e-02
1.520622064387649775e+09 -1.107478365302085876e-01 1.339631676673889160e-01 -1.998040080070495605e-01 6.165665108710527420e-03 1.360520720481872559e-02 9.994660019874572754e-01 2.906498871743679047e-02
1.520622064487623215e+09 -3.698942065238952637e-02 1.373344808816909790e-01 -2.061182111501693726e-01 1.403598929755389690e-03 1.876850239932537079e-02 9.994047284126281738e-01 2.891474217176437378e-02
1.520622064587626219e+09 3.366196155548095703e-02 1.126878410577774048e-01 -2.037644237279891968e-01 -5.046835169196128845e-03 1.642220653593540192e-02 9.994412660598754883e-01 2.867062576115131378e-02
1.520622064687630177e+09 8.464808017015457153e-02 4.916086047887802124e-02 -2.090314477682113647e-01 -9.288532659411430359e-03 2.094307169318199158e-02 9.994726777076721191e-01 2.301267720758914948e-02
1.520622064787633181e+09 1.048309057950973511e-01 2.649735100567340851e-02 -1.913991421461105347e-01 -1.296332478523254395e-02 1.345781423151493073e-02 9.993669390678405762e-01 3.027557954192161560e-02
1.520622064887662172e+09 1.519664824008941650e-01 -4.867504537105560303e-02 -2.236350476741790771e-01 -1.898521929979324341e-02 -5.026752129197120667e-03 9.994184970855712891e-01 2.787544019520282745e-02
1.520622064987665176e+09 1.495896130800247192e-01 -8.319930732250213623e-02 -2.040118277072906494e-01 -2.023065276443958282e-02 -2.012412808835506439e-02 9.993562698364257812e-01 2.174612134695053101e-02
1.520622065087667942e+09 1.925672143697738647e-01 -1.006224900484085083e-01 -2.051631510257720947e-01 -2.757222391664981842e-02 -3.169194608926773071e-02 9.989113211631774902e-01 2.028756961226463318e-02
1.520622065187686205e+09 2.277325689792633057e-01 -1.189962625503540039e-01 -2.069273740053176880e-01 -3.494625911116600037e-02 -1.265725027769804001e-02 9.991745948791503906e-01 1.639654114842414856e-02
1.520622065287650347e+09 2.916380465030670166e-01 -1.161671131849288940e-01 -2.008227854967117310e-01 -4.646644741296768188e-02 1.071691419929265976e-02 9.987069368362426758e-01 1.762305013835430145e-02
1.520622065387653351e+09 3.354081511497497559e-01 -8.701076358556747437e-02 -1.915320307016372681e-01 -4.962390661239624023e-02 2.325931563973426819e-02 9.983114600181579590e-01 1.925738714635372162e-02
1.520622065487656355e+09 3.592447638511657715e-01 -1.204948127269744873e-02 -1.773032844066619873e-01 -4.963220655918121338e-02 1.974439807236194611e-02 9.982761740684509277e-01 2.432364597916603088e-02
1.520622065587659597e+09 4.185287654399871826e-01 2.929431200027465820e-02 -1.593602001667022705e-01 -6.474672257900238037e-02 7.157175336033105850e-03 9.978101849555969238e-01 1.147162169218063354e-02
1.520622065687676668e+09 4.786395728588104248e-01 1.170473396778106689e-01 -1.619653552770614624e-01 -6.522433459758758545e-02 6.591361947357654572e-03 9.977561831474304199e-01 1.360119134187698364e-02
1.520622065787679672e+09 5.173084139823913574e-01 1.446734964847564697e-01 -1.673670858144760132e-01 -6.245812773704528809e-02 1.158305723220109940e-02 9.979774951934814453e-01 2.386650070548057556e-03
1.520622065887682676e+09 5.861560106277465820e-01 1.895302683115005493e-01 -7.619983702898025513e-02 -7.964681088924407959e-02 4.181753844022750854e-03 9.967460632324218750e-01 1.167239621281623840e-02
1.520622065987685680e+09 6.003350019454956055e-01 1.876304745674133301e-01 -6.785735487937927246e-02 -8.113703876733779907e-02 -1.596482843160629272e-02 9.964442849159240723e-01 1.615064777433872223e-02
1.520622066087809801e+09 6.195357441902160645e-01 1.699698567390441895e-01 -4.540225118398666382e-02 -8.678519725799560547e-02 -2.024054713547229767e-02 9.957864880561828613e-01 2.163575589656829834e-02
1.520622066187813520e+09 6.089419722557067871e-01 3.372470661997795105e-02 -6.601545959711074829e-02 -9.541950374841690063e-02 -2.220128662884235382e-02 9.951815009117126465e-01 -4.017875995486974716e-03
1.520622066287815571e+09 6.120660305023193359e-01 -4.530360922217369080e-03 -3.523476794362068176e-02 -9.666855633258819580e-02 -2.756062150001525879e-02 9.948419928550720215e-01 1.360599417239427567e-02
1.520622066387819767e+09 6.127426028251647949e-01 -7.235919684171676636e-02 -1.496513281017541885e-02 -9.668209403753280640e-02 -4.050743579864501953e-02 9.944594502449035645e-01 7.891848683357238770e-03
1.520622066487735510e+09 6.207239031791687012e-01 -1.241937652230262756e-01 4.865952767431735992e-03 -1.021330058574676514e-01 -5.068644136190414429e-02 9.934635758399963379e-01 5.464006680995225906e-03
1.520622066587738514e+09 6.163038611412048340e-01 -1.235449239611625671e-01 9.660905227065086365e-03 -1.036244630813598633e-01 -4.885328561067581177e-02 9.933521151542663574e-01 1.126790419220924377e-02
1.520622066687741756e+09 5.593285560607910156e-01 -9.888785332441329956e-02 3.845062851905822754e-02 -9.924171119928359985e-02 -3.436832875013351440e-02 9.940879940986633301e-01 2.755129151046276093e-02
1.520622066787749529e+09 5.624294877052307129e-01 -1.453564763069152832e-01 2.070949785411357880e-02 -1.018390133976936340e-01 -3.310693055391311646e-02 9.942397475242614746e-01 4.486758261919021606e-03
1.520622066887559652e+09 5.277256369590759277e-01 -1.203488335013389587e-01 4.398604109883308411e-02 -8.509033173322677612e-02 -2.464396879076957703e-02 9.960676431655883789e-01 1.290317275561392307e-03
1.520622066987562656e+09 5.404688119888305664e-01 -5.161970481276512146e-02 8.335663378238677979e-02 -9.012518078088760376e-02 -1.975991204380989075e-02 9.957126975059509277e-01 6.582218687981367111e-03
1.520622067087565660e+09 5.400633811950683594e-01 -6.402818486094474792e-03 9.851956367492675781e-02 -9.364426881074905396e-02 -9.757060557603836060e-03 9.954845905303955078e-01 1.208198349922895432e-02
1.520622067187568665e+09 5.152410268783569336e-01 7.156251929700374603e-03 1.155994534492492676e-01 -8.712939918041229248e-02 -1.286996621638536453e-02 9.960755109786987305e-01 8.745246566832065582e-03
1.520622067287649393e+09 4.787691831588745117e-01 5.853319913148880005e-02 7.134012132883071899e-02 -8.501352369785308838e-02 -2.490973658859729767e-02 9.960658550262451172e-01 2.246494637802243233e-03
1.520622067387652397e+09 4.359562695026397705e-01 1.198150441050529480e-01 7.943099737167358398e-02 -8.054482191801071167e-02 -2.932375110685825348e-02 9.962963461875915527e-01 6.802604533731937408e-03
1.520622067487655401e+09 3.806811273097991943e-01 1.783216893672943115e-01 9.027735143899917603e-02 -7.540946453809738159e-02 -2.661798708140850067e-02 9.967116117477416992e-01 1.307518780231475830e-02
1.520622067587658167e+09 3.425755202770233154e-01 1.565530747175216675e-01 1.026575341820716858e-01 -7.953260093927383423e-02 -1.952431909739971161e-02 9.966264963150024414e-01 5.384488496929407120e-03
1.520622067688278437e+09 2.950471937656402588e-01 1.048248410224914551e-01 1.118939369916915894e-01 -8.202080428600311279e-02 -1.953901723027229309e-02 9.964369535446166992e-01 2.070114249363541603e-03
1.520622067788282633e+09 2.493482679128646851e-01 6.226761266589164734e-02 1.163571849465370178e-01 -8.277690410614013672e-02 -1.650531217455863953e-02 9.964313507080078125e-01 4.448870895430445671e-04
1.520622067888285398e+09 2.511320710182189941e-01 2.439395897090435028e-02 1.244076266884803772e-01 -8.484121412038803101e-02 -2.019746415317058563e-02 9.961701631546020508e-01 6.259323563426733017e-03
1.520622067988288403e+09 2.239411026239395142e-01 -2.897244133055210114e-02 1.259326636791229248e-01 -8.039397001266479492e-02 -4.055029526352882385e-02 9.959361553192138672e-01 1.957065658643841743e-03
1.520622068088316917e+09 2.166543155908584595e-01 -7.586106657981872559e-02 1.153631657361984253e-01 -8.341986685991287231e-02 -6.000670790672302246e-02 9.947020411491394043e-01 2.884862944483757019e-03
1.520622068188319921e+09 1.771130412817001343e-01 -1.033017113804817200e-01 1.374456882476806641e-01 -7.458250224590301514e-02 -4.933812096714973450e-02 9.959782958030700684e-01 5.528650246560573578e-03
1.520622068288322926e+09 1.422374993562698364e-01 -1.409395337104797363e-01 1.420750319957733154e-01 -6.104628741741180420e-02 -2.609037235379219055e-02 9.977562427520751953e-01 -8.666025474667549133e-03
1.520622068388325930e+09 9.406819194555282593e-02 -1.509268879890441895e-01 1.400065720081329346e-01 -5.618825927376747131e-02 -1.265870034694671631e-02 9.982042312622070312e-01 -1.646402291953563690e-02
1.520622068488328934e+09 2.375037223100662231e-02 -9.335837513208389282e-02 1.383170187473297119e-01 -3.194705024361610413e-02 -6.103016436100006104e-03 9.994577169418334961e-01 -5.143879447132349014e-03
1.520622068587776423e+09 -1.374253910034894943e-02 -5.197777971625328064e-02 1.164631024003028870e-01 -2.802469208836555481e-02 5.623689386993646622e-03 9.995419979095458984e-01 -9.943930432200431824e-03
1.520622068687779665e+09 -5.002989619970321655e-02 -6.791446357965469360e-03 1.116477251052856445e-01 -1.983535848557949066e-02 1.250812225043773651e-02 9.997193217277526855e-01 -3.390855155885219574e-03
1.520622068787782431e+09 -7.913449406623840332e-02 4.204588010907173157e-02 1.111229956150054932e-01 -1.192081067711114883e-02 1.598175615072250366e-02 9.997799396514892578e-01 6.523752119392156601e-03
1.520622068887786388e+09 -1.085225120186805725e-01 6.333591789007186890e-02 9.595892578363418579e-02 -5.935658235102891922e-03 7.653818931430578232e-03 9.999489188194274902e-01 2.882615895941853523e-03
1.520622068988175154e+09 -1.525803506374359131e-01 1.013101041316986084e-01 9.905223548412322998e-02 1.846261322498321533e-02 7.228858768939971924e-03 9.996647834777832031e-01 1.665382087230682373e-02
1.520622069088178158e+09 -2.057425379753112793e-01 1.353629678487777710e-01 8.832629024982452393e-02 2.367871068418025970e-02 -1.162356976419687271e-02 9.995983242988586426e-01 1.036447752267122269e-02
1.520622069188181162e+09 -2.578172087669372559e-01 1.675734668970108032e-01 8.776255697011947632e-02 3.149193152785301208e-02 -2.987670945003628731e-03 9.994263648986816406e-01 1.209697965532541275e-02
1.520622069288184404e+09 -2.995449900627136230e-01 1.423088908195495605e-01 8.405023068189620972e-02 3.889032080769538879e-02 -6.196471396833658218e-03 9.991818666458129883e-01 9.212173521518707275e-03
1.520622069388504028e+09 -3.633889257907867432e-01 8.423393964767456055e-02 8.484617620706558228e-02 4.836542159318923950e-02 -1.810073666274547577e-02 9.986566305160522461e-01 4.262401256710290909e-03
1.520622069488508224e+09 -4.220711886882781982e-01 2.504701726138591766e-02 8.736227452754974365e-02 5.430708825588226318e-02 -2.186920121312141418e-02 9.982833862304687500e-01 1.691115670837461948e-03
1.520622069588510275e+09 -4.780342578887939453e-01 -3.974752873182296753e-02 9.618909657001495361e-02 6.599178165197372437e-02 -1.843626424670219421e-02 9.976385831832885742e-01 -4.739942029118537903e-03
1.520622069688513994e+09 -4.979279637336730957e-01 -1.048490703105926514e-01 9.588705748319625854e-02 6.707271933555603027e-02 -1.105444133281707764e-02 9.976860284805297852e-01 -1.329928403720259666e-03
1.520622069787992477e+09 -5.566913485527038574e-01 -1.336266845464706421e-01 1.099575832486152649e-01 7.705200463533401489e-02 -2.724922494962811470e-03 9.970149397850036621e-01 -4.093447234481573105e-03
1.520622069887995720e+09 -6.164944171905517578e-01 -9.374853968620300293e-02 1.189983561635017395e-01 8.974901586771011353e-02 2.038924768567085266e-02 9.956662058830261230e-01 1.335319783538579941e-02
1.520622069987998486e+09 -6.546819210052490234e-01 -9.391948580741882324e-02 1.256485432386398315e-01 9.540247917175292969e-02 2.810815162956714630e-02 9.949381351470947266e-01 1.436666585505008698e-02
1.520622070088001490e+09 -7.033548355102539062e-01 -5.618055164813995361e-02 1.318293362855911255e-01 1.020403206348419189e-01 2.242812141776084900e-02 9.943303465843200684e-01 1.980065181851387024e-02
1.520622070187580347e+09 -7.408134341239929199e-01 6.167618557810783386e-04 1.382166892290115356e-01 1.053122431039810181e-01 1.628098264336585999e-02 9.940326809883117676e-01 2.331042289733886719e-02
1.520622070287583590e+09 -7.790732979774475098e-01 6.750929355621337891e-02 1.480141729116439819e-01 1.085817441344261169e-01 1.687348447740077972e-02 9.933588504791259766e-01 3.411184996366500854e-02
1.520622070387586594e+09 -7.583431005477905273e-01 1.145223230123519897e-01 1.417545080184936523e-01 9.979906678199768066e-02 2.605816908180713654e-02 9.936389923095703125e-01 4.519652202725410461e-02
1.520622070487590313e+09 -7.503919601440429688e-01 1.633330732583999634e-01 1.321808397769927979e-01 9.921617060899734497e-02 2.581004984676837921e-02 9.937503933906555176e-01 4.415953904390335083e-02
1.520622070587739229e+09 -7.387720346450805664e-01 2.291028499603271484e-01 1.250510960817337036e-01 1.011480540037155151e-01 1.889241673052310944e-02 9.934282302856445312e-01 5.012599378824234009e-02
1.520622070687742233e+09 -7.239893674850463867e-01 2.821342051029205322e-01 1.117042750120162964e-01 1.002441719174385071e-01 6.781716831028461456e-03 9.937649965286254883e-01 4.833611473441123962e-02
1.520622070787745237e+09 -6.975659728050231934e-01 3.204182088375091553e-01 8.980997651815414429e-02 9.879763424396514893e-02 -5.182545166462659836e-03 9.939729571342468262e-01 4.722323268651962280e-02
1.520622070887748241e+09 -6.845300197601318359e-01 2.663387954235076904e-01 8.084840327501296997e-02 9.909998625516891479e-02 -1.519198995083570480e-03 9.940776824951171875e-01 4.456968978047370911e-02
1.520622070988189936e+09 -6.567127108573913574e-01 1.813144981861114502e-01 5.883828178048133850e-02 9.129066020250320435e-02 -1.078758761286735535e-02 9.950453042984008789e-01 3.787530958652496338e-02
1.520622071088192940e+09 -6.384687423706054688e-01 8.921124786138534546e-02 3.217682987451553345e-02 9.154859185218811035e-02 -1.253917254507541656e-02 9.952905774116516113e-01 2.929756976664066315e-02
1.520622071188196182e+09 -6.289263963699340820e-01 2.234786935150623322e-02 -9.118148591369390488e-04 9.650726616382598877e-02 -1.609344035387039185e-02 9.946340322494506836e-01 3.362290561199188232e-02
1.520622071288199186e+09 -5.385019779205322266e-01 -1.712844707071781158e-02 -3.410058468580245972e-02 8.229728043079376221e-02 -1.394789107143878937e-02 9.958204627037048340e-01 3.707126155495643616e-02
1.520622071387804270e+09 -5.154150128364562988e-01 -3.394621983170509338e-02 -5.790944769978523254e-02 7.883010059595108032e-02 -1.047059893608093262e-02 9.962702989578247070e-01 3.349253907799720764e-02
1.520622071487804174e+09 -4.914183914661407471e-01 -3.976838290691375732e-02 -7.770527899265289307e-02 7.307310402393341064e-02 -5.917012225836515427e-03 9.969093799591064453e-01 2.823166921734809875e-02
1.520622071587807178e+09 -4.822076857089996338e-01 -5.722869932651519775e-02 -9.744391590356826782e-02 6.777480244636535645e-02 -5.701948888599872589e-03 9.973973631858825684e-01 2.392882108688354492e-02
1.520622071687810421e+09 -4.744986891746520996e-01 -3.782443702220916748e-02 -1.090245470404624939e-01 6.038137525320053101e-02 8.312663063406944275e-03 9.976464509963989258e-01 3.141047060489654541e-02
1.520622071787745953e+09 -4.251468181610107422e-01 2.249896526336669922e-03 -1.311235129833221436e-01 4.931008815765380859e-02 1.883896999061107635e-02 9.978062510490417480e-01 3.995561972260475159e-02
1.520622071887749195e+09 -3.788195848464965820e-01 5.546523258090019226e-02 -1.426161676645278931e-01 3.995747119188308716e-02 2.336405031383037567e-02 9.981048703193664551e-01 4.055002704262733459e-02
1.520622071987751961e+09 -3.404248654842376709e-01 1.196507513523101807e-01 -1.371538937091827393e-01 3.397551178932189941e-02 1.219420693814754486e-02 9.984386563301086426e-01 4.262992739677429199e-02
1.520622072087755919e+09 -2.837674617767333984e-01 1.976817548274993896e-01 -1.599681228399276733e-01 2.219320833683013916e-02 6.774339824914932251e-03 9.983637928962707520e-01 5.226254835724830627e-02
1.520622072187839031e+09 -2.204894721508026123e-01 2.652332484722137451e-01 -1.643476188182830811e-01 1.708984561264514923e-02 4.766245183418504894e-05 9.983450174331665039e-01 5.491096526384353638e-02
1.520622072287841797e+09 -1.750386208295822144e-01 3.071033060550689697e-01 -1.699028760194778442e-01 1.614804565906524658e-02 1.270807348191738129e-02 9.983463287353515625e-01 5.368807911872863770e-02
1.520622072387844801e+09 -1.073043793439865112e-01 2.756499648094177246e-01 -1.475002914667129517e-01 1.998180896043777466e-02 1.819664984941482544e-02 9.988946318626403809e-01 3.845881298184394836e-02
1.520622072487848043e+09 -8.066777139902114868e-03 2.900438308715820312e-01 -1.327607482671737671e-01 2.028162218630313873e-02 1.406677067279815674e-02 9.989579916000366211e-01 3.839012235403060913e-02
1.520622072587997198e+09 9.394490718841552734e-02 2.898713052272796631e-01 -1.363062560558319092e-01 2.251403778791427612e-02 -3.810715628787875175e-03 9.990839958190917969e-01 3.619163855910301208e-02
1.520622072688001394e+09 1.254291385412216187e-01 2.961569428443908691e-01 -1.434622108936309814e-01 3.769644349813461304e-02 -2.329399064183235168e-02 9.982647895812988281e-01 3.877944126725196838e-02
1.520622072788002968e+09 1.846344619989395142e-01 2.669484615325927734e-01 -1.319713741540908813e-01 3.895426914095878601e-02 -5.959470942616462708e-02 9.968338608741760254e-01 3.540195152163505554e-02
1.520622072888007164e+09 2.303581386804580688e-01 2.338384687900543213e-01 -1.273968815803527832e-01 3.973095864057540894e-02 -1.066818088293075562e-01 9.929834008216857910e-01 3.200647234916687012e-02
1.520622072988010168e+09 2.211669683456420898e-01 1.969433277845382690e-01 -1.195600852370262146e-01 3.724196925759315491e-02 -1.495153307914733887e-01 9.875317215919494629e-01 3.223937377333641052e-02
1.520622073088090897e+09 2.201541066169738770e-01 1.704000234603881836e-01 -1.156732216477394104e-01 3.181581944227218628e-02 -1.959316432476043701e-01 9.792277216911315918e-01 4.137265309691429138e-02
1.520622073188093901e+09 1.477024704217910767e-01 1.279187053442001343e-01 -9.113539010286331177e-02 1.253180950880050659e-02 -2.260553389787673950e-01 9.733151197433471680e-01 3.741099685430526733e-02
1.520622073288096666e+09 8.463248610496520996e-02 1.256462037563323975e-01 -6.995598226785659790e-02 -2.867734874598681927e-04 -2.250308394432067871e-01 9.735221862792968750e-01 4.019452258944511414e-02
1.520622073388099909e+09 5.731157958507537842e-02 8.954707533121109009e-02 -6.681111454963684082e-02 -2.562898024916648865e-02 -2.096866965293884277e-01 9.768400192260742188e-01 3.403324261307716370e-02
1.520622073487935066e+09 -8.221792057156562805e-03 1.081396937370300293e-01 -6.272445619106292725e-02 -3.975949063897132874e-02 -1.856899857521057129e-01 9.805893898010253906e-01 4.881564900279045105e-02
1.520622073587938786e+09 -8.475824445486068726e-02 1.138970553874969482e-01 -5.997541174292564392e-02 -5.495921149849891663e-02 -1.629256159067153931e-01 9.840030074119567871e-01 4.661415889859199524e-02
1.520622073687941790e+09 -1.232702061533927917e-01 1.211844310164451599e-01 -5.605526268482208252e-02 -7.644634693861007690e-02 -1.394858211278915405e-01 9.863027930259704590e-01 4.366469383239746094e-02
1.520622073787945032e+09 -1.640311330556869507e-01 1.585918068885803223e-01 -5.760252848267555237e-02 -8.704245835542678833e-02 -1.069595590233802795e-01 9.888575077056884766e-01 5.607309564948081970e-02
1.520622073887902498e+09 -2.173582911491394043e-01 1.530492603778839111e-01 -5.001921206712722778e-02 -9.723517298698425293e-02 -5.806305259466171265e-02 9.923094511032104492e-01 4.996061697602272034e-02
1.520622073987905502e+09 -2.399242967367172241e-01 1.605374068021774292e-01 -4.397155717015266418e-02 -1.009483113884925842e-01 -1.164409425109624863e-02 9.937292933464050293e-01 4.664764925837516785e-02
1.520622074087908268e+09 -2.457458376884460449e-01 1.574109345674514771e-01 -2.811511233448982239e-02 -9.698783606290817261e-02 3.290963545441627502e-02 9.939711689949035645e-01 3.913643956184387207e-02
1.520622074187911510e+09 -2.137267887592315674e-01 1.579408496618270874e-01 -5.490642040967941284e-03 -8.716321736574172974e-02 7.659666240215301514e-02 9.925611019134521484e-01 3.685185313224792480e-02
1.520622074288005352e+09 -1.841322779655456543e-01 1.549484133720397949e-01 6.722053512930870056e-06 -5.768392235040664673e-02 9.572421014308929443e-02 9.932268857955932617e-01 3.177812322974205017e-02
1.520622074388008356e+09 -1.300093084573745728e-01 1.586506068706512451e-01 3.012811578810214996e-02 -4.292154312133789062e-02 1.217090487480163574e-01 9.911118745803833008e-01 3.227979317307472229e-02
1.520622074488011360e+09 -1.151524409651756287e-01 1.490785479545593262e-01 3.580394387245178223e-02 -1.436431054025888443e-02 1.628898084163665771e-01 9.859676957130432129e-01 3.359116613864898682e-02
1.520622074588014364e+09 -3.810133039951324463e-02 1.332532912492752075e-01 5.776288732886314392e-02 1.033432595431804657e-02 1.954226344823837280e-01 9.798906445503234863e-01 3.895659372210502625e-02
1.520622074688252211e+09 2.125237509608268738e-02 1.253184676170349121e-01 5.334750935435295105e-02 3.270906582474708557e-02 1.989375501871109009e-01 9.786833524703979492e-01 3.915243968367576599e-02
1.520622074788254976e+09 1.125048622488975525e-01 1.221444234251976013e-01 6.138413026928901672e-02 5.239343643188476562e-02 1.726077497005462646e-01 9.827394485473632812e-01 4.104625061154365540e-02
1.520622074888350010e+09 1.623503416776657104e-01 1.079216822981834412e-01 4.621677845716476440e-02 7.978712767362594604e-02 1.152039095759391785e-01 9.896275997161865234e-01 3.161243721842765808e-02
1.520622074988261223e+09 2.046085745096206665e-01 8.291680365800857544e-02 4.554893448948860168e-02 9.258714318275451660e-02 4.100566729903221130e-02 9.944818615913391113e-01 2.742562256753444672e-02
1.520622075088302851e+09 2.291495800018310547e-01 5.953035876154899597e-02 4.639104008674621582e-02 9.215174615383148193e-02 -4.994490742683410645e-02 9.941949844360351562e-01 2.428853884339332581e-02
1.520622075188305855e+09 2.410765886306762695e-01 5.318360775709152222e-02 5.086616054177284241e-02 8.557095378637313843e-02 -1.362252980470657349e-01 9.868640303611755371e-01 1.482194941490888596e-02
1.520622075288309813e+09 2.254045754671096802e-01 7.721809297800064087e-02 5.763690173625946045e-02 8.056562393903732300e-02 -1.870901286602020264e-01 9.790127277374267578e-01 6.372350733727216721e-03
1.520622075388312817e+09 1.876596212387084961e-01 9.249068796634674072e-02 6.527610123157501221e-02 5.758637189865112305e-02 -2.127872407436370850e-01 9.753997921943664551e-01 8.192912791855633259e-04
1.520622075488133669e+09 1.421725749969482422e-01 9.343336522579193115e-02 7.167609035968780518e-02 2.875668741762638092e-02 -2.379027605056762695e-01 9.708585143089294434e-01 3.016244387254118919e-03
1.520622075588136673e+09 7.108052819967269897e-02 1.126769855618476868e-01 8.341370522975921631e-02 -5.479714833199977875e-03 -2.272170037031173706e-01 9.735938310623168945e-01 2.138853259384632111e-02
1.520622075688139439e+09 -3.929808735847473145e-03 1.071976721286773682e-01 6.418422609567642212e-02 -3.895870968699455261e-02 -1.882572919130325317e-01 9.809511899948120117e-01 2.785971015691757202e-02
1.520622075788142681e+09 -5.470991507172584534e-02 8.256754279136657715e-02 4.784678295254707336e-02 -7.822750508785247803e-02 -1.231643110513687134e-01 9.887643456459045410e-01 3.249797224998474121e-02
1.520622075888453007e+09 -1.035314574837684631e-01 5.600104853510856628e-02 3.499427437782287598e-02 -9.935452044010162354e-02 -5.086866766214370728e-02 9.929690361022949219e-01 3.941614553332328796e-02
1.520622075988455057e+09 -1.185661032795906067e-01 3.091663122177124023e-02 3.547187894582748413e-02 -9.766566753387451172e-02 -4.751245025545358658e-03 9.941985607147216797e-01 4.481238499283790588e-02
1.520622076088459015e+09 -8.178865164518356323e-02 2.817328087985515594e-02 4.250840097665786743e-02 -8.118742704391479492e-02 2.788537740707397461e-02 9.954432845115661621e-01 4.151869192719459534e-02
1.520622076188462019e+09 -3.851327672600746155e-02 4.769296571612358093e-02 5.307230353355407715e-02 -5.458241701126098633e-02 3.439683839678764343e-02 9.972425699234008789e-01 3.667305409908294678e-02
1.520622076288003683e+09 -2.196611277759075165e-02 6.715897470712661743e-02 5.990082770586013794e-02 -2.084596455097198486e-02 2.576012536883354187e-02 9.989725947380065918e-01 3.091521747410297394e-02
1.520622076388006687e+09 -1.184273324906826019e-02 7.083296775817871094e-02 5.161054059863090515e-02 9.865183383226394653e-03 1.360745821148157120e-02 9.993887543678283691e-01 3.065565042197704315e-02
1.520622076488058567e+09 3.046350367367267609e-02 6.175491213798522949e-02 4.493315890431404114e-02 3.602236509323120117e-02 -4.340665880590677261e-03 9.984868764877319336e-01 4.132144525647163391e-02
1.520622076588012695e+09 2.430360205471515656e-02 6.337261945009231567e-02 4.115746170282363892e-02 5.911485105752944946e-02 -1.492104120552539825e-02 9.967101216316223145e-01 5.340210348367691040e-02
1.520622076688074589e+09 -4.425391089171171188e-03 7.227385789155960083e-02 4.462582990527153015e-02 6.300508975982666016e-02 -1.270307693630456924e-03 9.970747828483581543e-01 4.325010627508163452e-02
1.520622076788077593e+09 -4.636314511299133301e-02 8.134265989065170288e-02 4.088680073618888855e-02 4.666027426719665527e-02 1.486301235854625702e-02 9.982123970985412598e-01 3.426487743854522705e-02
1.520622076888081312e+09 -4.980150982737541199e-02 7.906784862279891968e-02 4.665485024452209473e-02 2.312712371349334717e-02 3.420551493763923645e-02 9.984529018402099609e-01 3.724218159914016724e-02
1.520622076988084555e+09 -1.303841024637222290e-01 6.824398785829544067e-02 4.170022904872894287e-02 9.010483510792255402e-03 4.740873724222183228e-02 9.982560873031616211e-01 3.400010243058204651e-02
1.520622077088067770e+09 -1.826778948307037354e-01 6.795557588338851929e-02 2.303900197148323059e-02 -7.390170823782682419e-03 5.430610850453376770e-02 9.977774024009704590e-01 3.790165111422538757e-02
1.520622077188070774e+09 -2.017439156770706177e-01 5.809205025434494019e-02 2.047228068113327026e-02 -8.534653112292289734e-03 5.395380035042762756e-02 9.977766275405883789e-01 3.818376734852790833e-02
1.520622077288073778e+09 -1.908738017082214355e-01 5.482609942555427551e-02 2.075953967869281769e-02 1.796266622841358185e-02 4.266870394349098206e-02 9.980795979499816895e-01 4.115711897611618042e-02
1.520622077388076782e+09 -1.332844197750091553e-01 6.768373399972915649e-02 9.997530840337276459e-03 3.124362789094448090e-02 3.329892084002494812e-02 9.975100159645080566e-01 5.374788865447044373e-02
1.520622077488080978e+09 -1.172156259417533875e-01 6.913807988166809082e-02 -2.730028063524514437e-04 6.286454945802688599e-02 2.189764566719532013e-02 9.960727095603942871e-01 5.837589502334594727e-02
1.520622077587971926e+09 -5.553274601697921753e-02 7.268834114074707031e-02 -1.646616496145725250e-02 9.278838336467742920e-02 1.732310093939304352e-02 9.942011833190917969e-01 5.151952058076858521e-02
1.520622077687974691e+09 1.735079335048794746e-03 7.597555965185165405e-02 -4.385317862033843994e-02 8.095978200435638428e-02 2.691654022783041000e-03 9.959851503372192383e-01 3.810291737318038940e-02
1.520622077787977695e+09 -3.974262997508049011e-02 8.537797629833221436e-02 -3.820276260375976562e-02 7.821226119995117188e-02 -3.786958521232008934e-03 9.959456324577331543e-01 4.428206384181976318e-02
1.520622077887980700e+09 -1.155710220336914062e-01 7.509436458349227905e-02 -3.306120634078979492e-02 5.692360550165176392e-02 1.156947948038578033e-02 9.970005154609680176e-01 5.114513635635375977e-02
1.520622077987932682e+09 -1.526990383863449097e-01 5.932240560650825500e-02 -2.824839577078819275e-02 3.174182400107383728e-02 3.618569672107696533e-02 9.970750212669372559e-01 5.936703458428382874e-02
1.520622078087945700e+09 -9.770166128873825073e-02 5.518041923642158508e-02 2.150663360953330994e-02 2.086878381669521332e-02 4.146462306380271912e-02 9.974363446235656738e-01 5.446106940507888794e-02
1.520622078187938452e+09 -8.994476497173309326e-02 2.915685530751943588e-03 1.820942945778369904e-02 1.570774801075458527e-02 5.071745440363883972e-02 9.960516691207885742e-01 7.114821672439575195e-02
1.520622078287941694e+09 -8.120252192020416260e-02 -1.315324474126100540e-02 2.850678376853466034e-02 1.304028648883104324e-02 6.835085898637771606e-02 9.920770525932312012e-01 1.046009361743927002e-01
1.520622078387824535e+09 -7.579895108938217163e-02 3.588947933167219162e-03 1.629227772355079651e-02 2.393298409879207611e-02 5.712063983082771301e-02 9.897615313529968262e-01 1.285948604345321655e-01
1.520622078487828732e+09 -7.488389313220977783e-02 -3.884549019858241081e-03 1.786458678543567657e-02 2.007236517965793610e-02 3.191701695322990417e-02 9.958958625793457031e-01 8.227938413619995117e-02
1.520622078587831497e+09 -6.826715171337127686e-02 6.338688731193542480e-02 3.282260149717330933e-02 1.823200844228267670e-02 1.858196407556533813e-02 9.983400702476501465e-01 5.137598514556884766e-02
1.520622078687834740e+09 -8.556957542896270752e-02 9.261767566204071045e-02 3.143119066953659058e-02 2.590079419314861298e-02 8.268577978014945984e-03 9.989254474639892578e-01 3.753364831209182739e-02
1.520622078787766933e+09 -7.190987467765808105e-02 1.786616593599319458e-01 4.153224825859069824e-02 2.425016276538372040e-02 1.342723699053749442e-04 9.994549751281738281e-01 2.240182645618915558e-02
1.520622078887769938e+09 -7.961663603782653809e-02 1.516387760639190674e-01 3.004891611635684967e-02 1.836418174207210541e-02 2.769627375528216362e-03 9.997913241386413574e-01 8.508709259331226349e-03
1.520622078987772942e+09 -6.739547848701477051e-02 1.918366551399230957e-01 2.782265283167362213e-02 1.438216771930456161e-02 3.808595007285475731e-03 9.998892545700073242e-01 -4.066317633260041475e-04
1.520622079087777138e+09 -6.173685938119888306e-02 1.749412715435028076e-01 2.911697514355182648e-02 1.043793559074401855e-02 7.209846284240484238e-03 9.999073743820190430e-01 4.932046867907047272e-03
1.520622079188776731e+09 -6.704933196306228638e-02 1.251019388437271118e-01 3.178966417908668518e-02 4.171575885266065598e-03 1.869882084429264069e-02 9.995745420455932617e-01 2.199465036392211914e-02
1.520622079288779736e+09 -5.895648524165153503e-02 7.686846703290939331e-02 2.838282473385334015e-02 -4.562800750136375427e-03 2.668655477464199066e-02 9.988114237785339355e-01 4.053229466080665588e-02
1.520622079388782740e+09 -2.664057165384292603e-02 1.951484754681587219e-02 2.579837292432785034e-02 -2.270665206015110016e-02 3.639188781380653381e-02 9.968175888061523438e-01 6.719201803207397461e-02
1.520622079488785744e+09 -2.727575041353702545e-02 1.408087927848100662e-02 1.870765537023544312e-02 -1.869216561317443848e-02 4.350405558943748474e-02 9.962208271026611328e-01 7.281547784805297852e-02
1.520622079588038683e+09 -2.008377015590667725e-02 1.339179184287786484e-02 1.168485637754201889e-02 -1.969683170318603516e-02 3.695090487599372864e-02 9.965721368789672852e-01 7.134938240051269531e-02
1.520622079688041687e+09 -1.348000578582286835e-02 5.005892366170883179e-02 1.839745044708251953e-02 -1.994012854993343353e-02 2.471099235117435455e-02 9.981338381767272949e-01 5.215927958488464355e-02
1.520622079788044691e+09 -2.929185330867767334e-02 9.778890758752822876e-02 2.638574689626693726e-02 -2.825468778610229492e-02 1.231910753995180130e-02 9.990686774253845215e-01 3.019513748586177826e-02
1.520622079888047934e+09 -2.103277109563350677e-02 1.222760304808616638e-01 2.946378663182258606e-02 -3.354175016283988953e-02 1.128432061523199081e-02 9.990530610084533691e-01 2.531078644096851349e-02
1.520622079987907171e+09 -1.483780890703201294e-02 1.384511440992355347e-01 2.792289853096008301e-02 -3.452800959348678589e-02 1.417833287268877029e-02 9.992724061012268066e-01 7.836567237973213196e-03
1.520622080087911129e+09 -1.006719283759593964e-02 1.662510931491851807e-01 3.220460191369056702e-02 -4.525035247206687927e-02 1.263075415045022964e-02 9.987900257110595703e-01 1.454029511660337448e-02
1.520622080187914133e+09 -2.869751537218689919e-03 1.832292824983596802e-01 3.464041650295257568e-02 -4.943890124559402466e-02 5.477197933942079544e-03 9.987025260925292969e-01 1.091571897268295288e-02
1.520622080287917137e+09 1.073159929364919662e-02 1.750009506940841675e-01 3.653813153505325317e-02 -5.277577042579650879e-02 1.252956804819405079e-03 9.985125660896301270e-01 1.363171730190515518e-02
1.520622080389088869e+09 2.020034193992614746e-02 1.451785862445831299e-01 3.702461719512939453e-02 -4.464823752641677856e-02 -5.981733556836843491e-03 9.988288879394531250e-01 1.765209436416625977e-02
1.520622080489091873e+09 4.077999293804168701e-02 1.076293364167213440e-01 3.680711239576339722e-02 -3.737854212522506714e-02 -2.868768759071826935e-02 9.986968040466308594e-01 1.961211115121841431e-02
1.520622080589094877e+09 4.965790361166000366e-02 6.502661854028701782e-02 3.297226876020431519e-02 -2.987165376543998718e-02 -4.699773713946342468e-02 9.984053373336791992e-01 9.257208555936813354e-03
1.520622080689099073e+09 5.268202349543571472e-02 2.927907556295394897e-02 3.035748936235904694e-02 -4.548497870564460754e-02 -4.487602040171623230e-02 9.979553222656250000e-01 -1.581106218509376049e-03
1.520622080788283825e+09 4.615435376763343811e-02 2.099137194454669952e-02 2.934458106756210327e-02 -6.953279674053192139e-02 -1.968232914805412292e-02 9.972738027572631836e-01 1.492685079574584961e-02
1.520622080888287067e+09 2.709843777120113373e-02 3.236981853842735291e-02 2.441401034593582153e-02 -9.940983355045318604e-02 2.304102963535115123e-05 9.943370819091796875e-01 3.756900504231452942e-02
1.520622080988289833e+09 1.004925649613142014e-02 4.935380071401596069e-02 1.925747096538543701e-02 -1.324016004800796509e-01 8.065722067840397358e-04 9.906070828437805176e-01 3.415942564606666565e-02
1.520622081088292837e+09 -1.533320266753435135e-02 5.919987708330154419e-02 4.847484640777111053e-03 -1.736340969800949097e-01 -3.865191480144858360e-03 9.847498536109924316e-01 1.019986160099506378e-02
1.520622081187846899e+09 -2.929004281759262085e-02 6.668200343847274780e-02 -5.660314578562974930e-03 -2.053347229957580566e-01 3.666273783892393112e-03 9.786841273307800293e-01 -1.263871788978576660e-03
1.520622081287849903e+09 -4.195663332939147949e-02 7.181669026613235474e-02 -1.847154833376407623e-02 -2.088432610034942627e-01 2.083109319210052490e-02 9.776908755302429199e-01 -8.437938988208770752e-03
1.520622081387853146e+09 -2.342774346470832825e-02 7.525864243507385254e-02 -1.099951285868883133e-02 -1.944148391485214233e-01 3.475222364068031311e-02 9.802551269531250000e-01 -9.749371558427810669e-03
1.520622081487856150e+09 3.686094190925359726e-03 7.435329258441925049e-02 3.363430732861161232e-03 -1.691447198390960693e-01 3.104229085147380829e-02 9.850367307662963867e-01 -1.136112585663795471e-02
1.520622081588131428e+09 3.401571884751319885e-02 7.435096800327301025e-02 2.079613693058490753e-02 -1.371688395738601685e-01 1.848526112735271454e-02 9.903547763824462891e-01 -6.361463572829961777e-03
1.520622081688135147e+09 6.726477295160293579e-02 6.558065861463546753e-02 3.080349788069725037e-02 -1.005206704139709473e-01 6.089092697948217392e-03 9.949162006378173828e-01 5.794254248030483723e-04
1.520622081788138151e+09 9.806831181049346924e-02 6.140197813510894775e-02 3.688226640224456787e-02 -6.434918940067291260e-02 -1.897518523037433624e-02 9.977070093154907227e-01 8.937901817262172699e-03
1.520622081888141394e+09 1.228248775005340576e-01 7.178325206041336060e-02 3.843260928988456726e-02 -3.541008383035659790e-02 -3.380167856812477112e-02 9.987921118736267090e-01 -4.231564234942197800e-03
1.520622081988144398e+09 1.284671574831008911e-01 8.808689564466476440e-02 3.662481158971786499e-02 -2.934193238615989685e-02 -3.130109235644340515e-02 9.989036917686462402e-01 -1.872943900525569916e-02
1.520622082088161469e+09 1.075172200798988342e-01 9.083826094865798950e-02 3.320063650608062744e-02 -4.340839013457298279e-02 -1.719502173364162445e-02 9.986492395401000977e-01 -2.279802970588207245e-02
1.520622082188164711e+09 8.380661904811859131e-02 7.805371284484863281e-02 3.433533012866973877e-02 -6.899027526378631592e-02 -2.610964700579643250e-03 9.975751638412475586e-01 -8.793192915618419647e-03
1.520622082288168669e+09 5.806857347488403320e-02 6.933957338333129883e-02 3.000481426715850830e-02 -9.045960009098052979e-02 7.350509520620107651e-03 9.958730936050415039e-01 3.555628427420742810e-05
1.520622082388171434e+09 2.477277629077434540e-02 7.286541163921356201e-02 2.257111854851245880e-02 -1.145781278610229492e-01 1.189897675067186356e-02 9.933241009712219238e-01 -6.123743019998073578e-03
1.520622082488452196e+09 -4.780681803822517395e-03 7.537971436977386475e-02 1.336145494133234024e-02 -1.376968771219253540e-01 1.443832926452159882e-02 9.903225898742675781e-01 -9.608936496078968048e-03
1.520622082588455200e+09 -1.895143836736679077e-02 7.071038335561752319e-02 1.014099642634391785e-02 -1.508101671934127808e-01 2.767438627779483795e-02 9.881558418273925781e-01 -6.210517138242721558e-03
1.520622082688458204e+09 -2.161308191716670990e-02 6.670093536376953125e-02 1.383078843355178833e-02 -1.280868500471115112e-01 3.290726989507675171e-02 9.912160634994506836e-01 -1.272185822017490864e-03
1.520622082788460970e+09 -7.202987559139728546e-03 6.853859126567840576e-02 1.978066563606262207e-02 -9.892854839563369751e-02 2.064527757465839386e-02 9.948757290840148926e-01 3.049292368814349174e-03
1.520622082888137579e+09 5.497075151652097702e-03 6.018862873315811157e-02 2.404402196407318115e-02 -7.366359978914260864e-02 2.333193458616733551e-02 9.967908859252929688e-01 2.090943418443202972e-02
1.520622082988140583e+09 1.753880642354488373e-02 3.639405965805053711e-02 2.157051302492618561e-02 -6.514960527420043945e-02 2.291747741401195526e-02 9.967405796051025391e-01 4.169727116823196411e-02
1.520622083088143349e+09 1.270128972828388214e-02 7.871424779295921326e-03 1.492785569280385971e-02 -5.562465265393257141e-02 2.974612638354301453e-02 9.969752430915832520e-01 4.540353640913963318e-02
1.520622083188146353e+09 1.172289717942476273e-02 -9.398089721798896790e-03 9.706814773380756378e-03 -5.653047561645507812e-02 3.676832467317581177e-02 9.958299398422241211e-01 6.144292280077934265e-02
1.520622083287892580e+09 7.193020544946193695e-03 -1.993336901068687439e-02 4.921505227684974670e-03 -5.597009137272834778e-02 3.790954500436782837e-02 9.954528808593750000e-01 6.711038202047348022e-02
1.520622083387895584e+09 1.788479159586131573e-03 7.478710031136870384e-04 9.784003719687461853e-03 -5.855437740683555603e-02 4.105371609330177307e-02 9.961338043212890625e-01 5.102522298693656921e-02
1.520622083487898588e+09 -5.000398028641939163e-03 4.280251264572143555e-02 1.870300248265266418e-02 -5.750706419348716736e-02 3.380950912833213806e-02 9.974955916404724121e-01 2.350568585097789764e-02
1.520622083587901592e+09 -7.213632110506296158e-03 8.982534706592559814e-02 2.042433619499206543e-02 -5.763838812708854675e-02 1.776314526796340942e-02 9.981770515441894531e-01 -2.222890732809901237e-03
1.520622083687835932e+09 -5.864340811967849731e-03 1.329326480627059937e-01 1.495804917067289352e-02 -5.208199098706245422e-02 -2.763956319540739059e-03 9.984200596809387207e-01 -2.091035060584545135e-02
1.520622083787838697e+09 3.975996747612953186e-03 1.649436205625534058e-01 -2.844585105776786804e-03 -6.229718029499053955e-02 -1.978513225913047791e-02 9.964212775230407715e-01 -5.359465628862380981e-02
1.520622083887842894e+09 -2.875878475606441498e-03 1.918773055076599121e-01 -1.577339018695056438e-03 -4.844908043742179871e-02 -6.893294863402843475e-03 9.977263808250427246e-01 -4.633971303701400757e-02
1.520622083987845898e+09 -3.619784256443381310e-03 1.677502840757369995e-01 1.011538878083229065e-02 -4.579360038042068481e-02 3.107600787188857794e-04 9.982188344001770020e-01 -3.823577240109443665e-02
1.520622084089038849e+09 -5.301211494952440262e-03 1.306174546480178833e-01 1.826298795640468597e-02 -4.694356769323348999e-02 9.215171448886394501e-04 9.987302422523498535e-01 -1.826191134750843048e-02
1.520622084189041853e+09 -6.012832745909690857e-03 8.712126314640045166e-02 2.336615137755870819e-02 -5.112899467349052429e-02 1.238891761749982834e-02 9.986144900321960449e-01 1.202697516418993473e-03
1.520622084289044619e+09 -2.574172336608171463e-03 4.692142456769943237e-02 2.155719324946403503e-02 -5.363896116614341736e-02 2.489870972931385040e-02 9.979622960090637207e-01 2.396150305867195129e-02
1.520622084389047861e+09 6.737028597854077816e-04 1.274354383349418640e-02 1.384270470589399338e-02 -5.657964944839477539e-02 3.631245717406272888e-02 9.967596530914306641e-01 4.416321218013763428e-02
1.520622084488235235e+09 1.969278324395418167e-03 4.697325639426708221e-03 1.134268194437026978e-02 -5.979295447468757629e-02 3.928998857736587524e-02 9.962492585182189941e-01 4.866793006658554077e-02
1.520622084588238239e+09 -1.747496775351464748e-03 2.850138023495674133e-02 1.685869134962558746e-02 -5.964267626404762268e-02 3.663456439971923828e-02 9.969414472579956055e-01 3.476301208138465881e-02
1.520622084688241243e+09 -4.157764371484518051e-03 5.940735712647438049e-02 2.138605900108814240e-02 -5.999749898910522461e-02 3.335072472691535950e-02 9.975309967994689941e-01 1.483544055372476578e-02
1.520622084788244247e+09 -5.173882003873586655e-03 8.263748884201049805e-02 2.068617939949035645e-02 -6.037930771708488464e-02 2.870204672217369080e-02 9.977607727050781250e-01 2.006751252338290215e-03
1.520622084887946606e+09 -1.530124340206384659e-03 9.038469195365905762e-02 1.966990530490875244e-02 -6.178598105907440186e-02 2.725309506058692932e-02 9.977036118507385254e-01 -5.228717345744371414e-03
1.520622084987949610e+09 3.848030231893062592e-03 9.295743703842163086e-02 2.071221917867660522e-02 -6.545741856098175049e-02 3.987046703696250916e-02 9.970540404319763184e-01 -3.009062260389328003e-03
1.520622085087952614e+09 1.230045408010482788e-02 9.097728878259658813e-02 2.349670976400375366e-02 -6.137101352214813232e-02 4.771015420556068420e-02 9.969706535339355469e-01 2.619287930428981781e-03
1.520622085187955618e+09 2.780800126492977142e-02 8.720364421606063843e-02 2.370009012520313263e-02 -6.306847184896469116e-02 5.161493644118309021e-02 9.965996146202087402e-01 1.214732788503170013e-02
1.520622085288317442e+09 4.092811048030853271e-02 8.271301537752151489e-02 2.534466050565242767e-02 -6.315898150205612183e-02 4.213355109095573425e-02 9.970071911811828613e-01 1.457266323268413544e-02
1.520622085388320446e+09 5.714229494333267212e-02 7.664740085601806641e-02 2.802263759076595306e-02 -5.973958969116210938e-02 2.055723033845424652e-02 9.979956746101379395e-01 3.643142059445381165e-03
1.520622085488324404e+09 7.559484243392944336e-02 7.577134668827056885e-02 3.123711794614791870e-02 -5.993596091866493225e-02 1.064811926335096359e-02 9.981397390365600586e-01 3.385014599189162254e-03
1.520622085588327408e+09 9.127310663461685181e-02 7.050111144781112671e-02 3.392430022358894348e-02 -5.855381488800048828e-02 4.648410249501466751e-03 9.982569217681884766e-01 5.746313836425542831e-03
1.520622085688251972e+09 1.091841906309127808e-01 6.848649680614471436e-02 3.817221149802207947e-02 -5.765048414468765259e-02 -5.378199741244316101e-03 9.983016252517700195e-01 6.440290715545415878e-03
1.520622085788254738e+09 1.188449561595916748e-01 6.739840656518936157e-02 4.019449651241302490e-02 -5.120700225234031677e-02 -1.091244537383317947e-02 9.986252188682556152e-01 2.529353601858019829e-03
1.520622085888257742e+09 1.305738538503646851e-01 6.700886040925979614e-02 4.370409250259399414e-02 -4.618925973773002625e-02 -1.616911403834819794e-02 9.987990856170654297e-01 2.362185856327414513e-03
1.520622085988260746e+09 1.410311758518218994e-01 6.842285394668579102e-02 4.759232327342033386e-02 -4.243154451251029968e-02 -6.205894052982330322e-03 9.990801215171813965e-01 8.638932195026427507e-05
1.520622086088343143e+09 1.490123718976974487e-01 7.202992588281631470e-02 5.407461524009704590e-02 -4.364193975925445557e-02 -3.616345580667257309e-03 9.990389347076416016e-01 -1.887047430500388145e-03
1.520622086188345909e+09 1.576988101005554199e-01 7.974758744239807129e-02 6.013622507452964783e-02 -3.700355440378189087e-02 -3.808373119682073593e-03 9.993062615394592285e-01 1.817588810808956623e-03
1.520622086288348913e+09 1.525869667530059814e-01 7.903701066970825195e-02 6.157105043530464172e-02 -2.845522016286849976e-02 -4.953267518430948257e-03 9.995788931846618652e-01 -2.811006503179669380e-03
1.520622086388351917e+09 1.556660532951354980e-01 7.797574996948242188e-02 6.504622846841812134e-02 -2.764253690838813782e-02 -5.350316409021615982e-03 9.995845556259155273e-01 -6.168473046272993088e-03
1.520622086488649130e+09 1.604832261800765991e-01 7.977080345153808594e-02 7.086214423179626465e-02 -2.459513954818248749e-02 -1.337642688304185867e-02 9.996049404144287109e-01 -2.495304914191365242e-03
1.520622086588652372e+09 1.653293669223785400e-01 8.077756315469741821e-02 7.673400640487670898e-02 -2.171901054680347443e-02 -1.403479930013418198e-02 9.996545910835266113e-01 4.700459539890289307e-03
1.520622086688655138e+09 1.704716980457305908e-01 7.922015339136123657e-02 8.204785734415054321e-02 -2.444239892065525055e-02 -1.855433918535709381e-02 9.995259046554565430e-01 2.502576680853962898e-03
1.520622086788658142e+09 1.711131930351257324e-01 8.018014580011367798e-02 8.498743176460266113e-02 -2.054574713110923767e-02 -1.515412423759698868e-02 9.996740818023681641e-01 6.687525456072762609e-05
1.520622086888661146e+09 1.623187661170959473e-01 7.995295524597167969e-02 8.826571702957153320e-02 -2.254688367247581482e-02 -1.878028176724910736e-02 9.995249509811401367e-01 -9.429144673049449921e-03
1.520622086988942862e+09 1.662969440221786499e-01 8.861226588487625122e-02 1.010724678635597229e-01 -2.501668594777584076e-02 -8.503169752657413483e-03 9.995079636573791504e-01 1.690518110990524292e-02
1.520622087088946581e+09 1.692304909229278564e-01 8.794338256120681763e-02 1.052756235003471375e-01 -4.956109821796417236e-02 -1.269424613565206528e-02 9.985367059707641602e-01 1.752362027764320374e-02
1.520622087188949823e+09 1.612123996019363403e-01 8.883009105920791626e-02 1.040522232651710510e-01 -4.442686587572097778e-02 -1.083642826415598392e-03 9.989307522773742676e-01 1.275026239454746246e-02
1.520622087288952827e+09 1.565587967634201050e-01 8.757393807172775269e-02 1.088937073945999146e-01 -4.607532173395156860e-02 7.531663402915000916e-03 9.987744688987731934e-01 1.643174327909946442e-02
1.520622087389635563e+09 1.601563394069671631e-01 8.868625760078430176e-02 1.144135892391204834e-01 -5.781532824039459229e-02 1.682595699094235897e-03 9.977449178695678711e-01 3.405544161796569824e-02
1.520622087489641666e+09 1.566948145627975464e-01 8.997562527656555176e-02 1.158983558416366577e-01 -6.002169847488403320e-02 2.781052840873599052e-03 9.973544478416442871e-01 4.091170057654380798e-02
1.520622317195559978e+09 1.053758740425109863e+00 1.486032843589782715e+00 -4.275903701782226562e-01 6.330509185791015625e-01 4.323762282729148865e-02 3.755784034729003906e-01 -6.755131483078002930e-01
1.520622317295562983e+09 1.058062195777893066e+00 1.486310005187988281e+00 -4.296991825103759766e-01 6.231114864349365234e-01 3.636948019266128540e-02 3.790508210659027100e-01 -6.831763386726379395e-01
1.520622317395565987e+09 1.061208128929138184e+00 1.486214637756347656e+00 -4.316647052764892578e-01 6.173406839370727539e-01 3.121508844196796417e-02 3.796700239181518555e-01 -6.883072853088378906e-01
1.520622317496731043e+09 1.061608433723449707e+00 1.487211465835571289e+00 -4.336833953857421875e-01 6.201297640800476074e-01 2.912032790482044220e-02 3.784608542919158936e-01 -6.865555047988891602e-01
1.520622317596734285e+09 1.063644289970397949e+00 1.487206459045410156e+00 -4.345912933349609375e-01 6.186877489089965820e-01 3.892012685537338257e-02 3.735423088073730469e-01 -6.900557875633239746e-01
1.520622317696738243e+09 1.065972566604614258e+00 1.486853957176208496e+00 -4.362168312072753906e-01 6.172419786453247070e-01 3.360336646437644958e-02 3.746349513530731201e-01 -6.910368204116821289e-01
1.520622317796741009e+09 1.065719842910766602e+00 1.485019922256469727e+00 -4.368731975555419922e-01 6.239514946937561035e-01 3.775370493531227112e-02 3.879009783267974854e-01 -6.773418784141540527e-01
1.520622317897059441e+09 1.068241119384765625e+00 1.486153483390808105e+00 -4.371812343597412109e-01 6.274234652519226074e-01 4.211714118719100952e-02 3.907475471496582031e-01 -6.722220182418823242e-01
1.520622317997062445e+09 1.070431709289550781e+00 1.487889528274536133e+00 -4.369730949401855469e-01 6.273757219314575195e-01 5.011225491762161255e-02 3.959562182426452637e-01 -6.686607599258422852e-01
1.520622318097066164e+09 1.072810411453247070e+00 1.487498998641967773e+00 -4.382073879241943359e-01 6.217448115348815918e-01 5.164985731244087219e-02 3.931051492691040039e-01 -6.754510402679443359e-01
1.520622318197069407e+09 1.074646234512329102e+00 1.490083336830139160e+00 -4.366173744201660156e-01 6.276459097862243652e-01 5.343062058091163635e-02 3.882116973400115967e-01 -6.726793646812438965e-01
1.520622318296746969e+09 1.073674678802490234e+00 1.485912322998046875e+00 -4.420480728149414062e-01 6.139261126518249512e-01 5.468696728348731995e-02 4.159682095050811768e-01 -6.686363220214843750e-01
1.520622318396749973e+09 1.074847459793090820e+00 1.486003398895263672e+00 -4.433240890502929688e-01 6.086938977241516113e-01 7.345706224441528320e-02 4.167746007442474365e-01 -6.711146235466003418e-01
1.520622318496752977e+09 1.075994610786437988e+00 1.484756827354431152e+00 -4.472365379333496094e-01 6.061253547668457031e-01 7.828590273857116699e-02 4.177602827548980713e-01 -6.722795963287353516e-01
1.520622318596755981e+09 1.076473474502563477e+00 1.485553979873657227e+00 -4.471175670623779297e-01 6.278278827667236328e-01 7.936557382345199585e-02 4.012686908245086670e-01 -6.622060537338256836e-01
1.520622318696758986e+09 1.074371218681335449e+00 1.479965567588806152e+00 -4.534451961517333984e-01 6.355024576187133789e-01 8.214843273162841797e-02 4.251997172832489014e-01 -6.392132043838500977e-01
1.520622318796248674e+09 1.075488328933715820e+00 1.476582169532775879e+00 -4.578340053558349609e-01 6.502432227134704590e-01 7.579998672008514404e-02 4.157197475433349609e-01 -6.313598155975341797e-01
1.520622318896251678e+09 1.076200604438781738e+00 1.473150730133056641e+00 -4.639794826507568359e-01 6.437680721282958984e-01 4.838258773088455200e-02 4.068225622177124023e-01 -6.463105082511901855e-01
1.520622318996254683e+09 1.077231526374816895e+00 1.468895196914672852e+00 -4.692153930664062500e-01 6.141276359558105469e-01 1.925268582999706268e-02 4.035898447036743164e-01 -6.779320240020751953e-01
1.520622319096257448e+09 1.077169895172119141e+00 1.468129277229309082e+00 -4.720065593719482422e-01 5.722797513008117676e-01 -3.787441877648234367e-03 4.134279191493988037e-01 -7.082083225250244141e-01
1.520622319195659876e+09 1.078321933746337891e+00 1.470925092697143555e+00 -4.699544906616210938e-01 5.285401344299316406e-01 -6.067546084523200989e-03 4.269565939903259277e-01 -7.337006926536560059e-01
1.520622319295663834e+09 1.079138278961181641e+00 1.471890926361083984e+00 -4.693145751953125000e-01 4.899308979511260986e-01 2.079643309116363525e-02 4.491983056068420410e-01 -7.468307018280029297e-01
1.520622319395666599e+09 1.081604003906250000e+00 1.475457787513732910e+00 -4.654753208160400391e-01 4.869281053543090820e-01 7.367793470621109009e-02 4.471648931503295898e-01 -7.466701269149780273e-01
1.520622319495669842e+09 1.081130027770996094e+00 1.477124452590942383e+00 -4.644417762756347656e-01 5.033742785453796387e-01 1.163326054811477661e-01 4.660719931125640869e-01 -7.182325124740600586e-01
1.520622319595416546e+09 1.081728458404541016e+00 1.479565620422363281e+00 -4.609253406524658203e-01 5.518225431442260742e-01 1.693827062845230103e-01 4.682158827781677246e-01 -6.690107583999633789e-01
1.520622319695420504e+09 1.082304596900939941e+00 1.478567600250244141e+00 -4.637782573699951172e-01 6.191257834434509277e-01 2.035465836524963379e-01 4.545286297798156738e-01 -6.071703433990478516e-01
1.520622319795422554e+09 1.083063125610351562e+00 1.475331306457519531e+00 -4.667956829071044922e-01 6.652233600616455078e-01 2.087674289941787720e-01 4.272434413433074951e-01 -5.756362676620483398e-01
1.520622319895426512e+09 1.083431839942932129e+00 1.475385665893554688e+00 -4.700961112976074219e-01 6.780716180801391602e-01 1.916028410196304321e-01 4.107012748718261719e-01 -5.786465406417846680e-01
1.520622319995295286e+09 1.083079218864440918e+00 1.472616076469421387e+00 -4.745235443115234375e-01 6.707717180252075195e-01 1.553909182548522949e-01 3.943147659301757812e-01 -6.086336970329284668e-01
1.520622320095298290e+09 1.075867414474487305e+00 1.479452133178710938e+00 -4.723703861236572266e-01 6.153310537338256836e-01 7.026042789220809937e-02 4.158132374286651611e-01 -6.659809947013854980e-01
1.520622320195301294e+09 1.077317714691162109e+00 1.479464769363403320e+00 -4.734029769897460938e-01 5.678358674049377441e-01 2.932685613632202148e-02 4.190103411674499512e-01 -7.079073190689086914e-01
1.520622320295304537e+09 1.080428361892700195e+00 1.475351572036743164e+00 -4.770627021789550781e-01 5.038183331489562988e-01 8.493410423398017883e-03 4.353236854076385498e-01 -7.460485100746154785e-01
1.520622320395470381e+09 1.079411745071411133e+00 1.478890299797058105e+00 -4.749026298522949219e-01 4.609225690364837646e-01 2.931853523477911949e-03 4.478133022785186768e-01 -7.661626338958740234e-01
1.520622320495473146e+09 1.079697132110595703e+00 1.474607467651367188e+00 -4.784896373748779297e-01 4.210643768310546875e-01 3.486507013440132141e-02 4.807819724082946777e-01 -7.683345675468444824e-01
1.520622320595476151e+09 1.079253196716308594e+00 1.474455595016479492e+00 -4.781584739685058594e-01 4.075780510902404785e-01 7.375661283731460571e-02 5.071426033973693848e-01 -7.558084130287170410e-01
1.520622320695479393e+09 1.075643777847290039e+00 1.477726697921752930e+00 -4.729642868041992188e-01 4.523018896579742432e-01 1.219022199511528015e-01 5.159502625465393066e-01 -7.171877622604370117e-01
1.520622320795516968e+09 1.075668334960937500e+00 1.478157997131347656e+00 -4.697916507720947266e-01 5.142023563385009766e-01 1.875045001506805420e-01 5.176808834075927734e-01 -6.576051115989685059e-01
1.520622320895520926e+09 1.075158596038818359e+00 1.476151227951049805e+00 -4.699795246124267578e-01 5.837723016738891602e-01 2.415967583656311035e-01 5.076439380645751953e-01 -5.857802629470825195e-01
1.520622320995524168e+09 1.075935721397399902e+00 1.474643588066101074e+00 -4.731206893920898438e-01 6.433962583541870117e-01 2.598573565483093262e-01 4.704582989215850830e-01 -5.451462268829345703e-01
1.520622321095526934e+09 1.075744390487670898e+00 1.474544286727905273e+00 -4.735243320465087891e-01 6.584407687187194824e-01 2.295991033315658569e-01 4.597145617008209229e-01 -5.499114394187927246e-01
1.520622321195481539e+09 1.075523257255554199e+00 1.470712304115295410e+00 -4.776918888092041016e-01 6.571299433708190918e-01 1.954173445701599121e-01 4.323736131191253662e-01 -5.857007503509521484e-01
1.520622321295485735e+09 1.074586987495422363e+00 1.470643639564514160e+00 -4.788722991943359375e-01 6.408538818359375000e-01 1.551727950572967529e-01 4.225298762321472168e-01 -6.218491196632385254e-01
1.520622337196238041e+09 1.052325844764709473e+00 1.542268514633178711e+00 -4.488694667816162109e-01 6.988158822059631348e-01 -1.863559633493423462e-01 4.037865996360778809e-01 -5.602537989616394043e-01
1.520622337296241045e+09 1.055502891540527344e+00 1.541543245315551758e+00 -4.454922676086425781e-01 7.098777890205383301e-01 -1.894689053297042847e-01 3.980909585952758789e-01 -5.492710471153259277e-01
1.520622337396244049e+09 1.056657552719116211e+00 1.542828440666198730e+00 -4.451720714569091797e-01 7.132130861282348633e-01 -1.956693232059478760e-01 3.946497738361358643e-01 -5.452450513839721680e-01
1.520622337496247053e+09 1.055166006088256836e+00 1.541625738143920898e+00 -4.477386474609375000e-01 7.042618989944458008e-01 -2.063269913196563721e-01 3.971492052078247070e-01 -5.511052608489990234e-01
1.520622337596010208e+09 1.056211948394775391e+00 1.538891792297363281e+00 -4.484584331512451172e-01 7.008802890777587891e-01 -2.045296132564544678e-01 4.069382250308990479e-01 -5.489406585693359375e-01
1.520622337696012974e+09 1.057687163352966309e+00 1.536947488784790039e+00 -4.486968517303466797e-01 7.000039815902709961e-01 -2.005638629198074341e-01 4.162774085998535156e-01 -5.445014238357543945e-01
