1.520622052585646391e+09 5.133102810795179272e-01 -3.196104438036660444e-01 1.296873377209054157e+00 -1.678413561302308232e-02 -2.239647298760734026e-02 -7.066857583829890821e-01 7.069737828859707918e-01
1.520622052685645342e+09 5.148328506255496206e-01 -3.184142340595294551e-01 1.296099921385184262e+00 -1.119443945097101274e-02 -1.908432486486934254e-02 -7.057823556209689153e-01 7.080831445274964331e-01
1.520622052785646439e+09 5.178544652964209849e-01 -3.159648135366630584e-01 1.292145576005275132e+00 1.201953457151809165e-02 1.426709907832105807e-02 7.099442011390482143e-01 -7.040108038529044876e-01
1.520622052885646343e+09 5.225992283008378259e-01 -3.107359796498512239e-01 1.288926456417468058e+00 2.154298521468391014e-02 9.354883727914377681e-03 7.168872064077859152e-01 -6.967934552127470482e-01
1.520622052985645294e+09 5.258376730893319362e-01 -3.062829461612315285e-01 1.286816888055109409e+00 2.845600475295506637e-02 9.876977357358707188e-03 7.220647976410002888e-01 -6.911693924932178490e-01
1.520622053085646391e+09 5.274815641240437891e-01 -3.032325951177796686e-01 1.284486112848176598e+00 3.063855971754914434e-02 6.687111277588577915e-03 7.248035901823924876e-01 -6.882414669721015343e-01
1.520622053185645342e+09 5.281629753602679056e-01 -3.019306629199511871e-01 1.283010252604403378e+00 2.932764108528161662e-02 2.396620031878801595e-03 7.235328808598183725e-01 -6.896624652650659160e-01
1.520622053285646439e+09 5.283201890127149358e-01 -2.997920384148186068e-01 1.280677828540291108e+00 3.022505305724667787e-02 1.084037537241010294e-03 7.254950741815664461e-01 -6.875624832468599790e-01
1.520622053385646343e+09 5.283448752101628232e-01 -2.987866712247417844e-01 1.279261667997844354e+00 3.149036188954426607e-02 4.467837133720698795e-04 7.278922930872602226e-01 -6.849678584842864293e-01
1.520622053485645294e+09 5.278796622529302596e-01 -2.977854705793835932e-01 1.279575621762268023e+00 3.106430989315240795e-02 3.265083198584203881e-04 7.280197538610353458e-01 -6.848519110225927964e-01
1.520622053585646391e+09 5.280831512429838837e-01 -2.974191208733088509e-01 1.280894557919349142e+00 3.418029295193179135e-02 -2.089583357478882325e-03 7.251098644038482810e-01 -6.877812339395034114e-01
1.520622053685645342e+09 5.277435592259442920e-01 -2.975187766331633954e-01 1.284074785070855818e+00 3.632567571417912727e-02 1.361192308514026393e-03 7.199457081160335337e-01 -6.930777516301552810e-01
1.520622053785646439e+09 5.253139680160088254e-01 -2.979648043650952038e-01 1.286696579544122088e+00 3.360624441526241513e-02 2.724416954090581617e-03 7.170062383000044282e-01 -6.962508543100250913e-01
1.520622053885646343e+09 5.216341387344235470e-01 -2.980112255112572495e-01 1.286753095746367537e+00 3.016358933123768418e-02 4.893618834741909895e-03 7.183107436905217247e-01 -6.950509951594392444e-01
1.520622053985645294e+09 5.199321458955770137e-01 -2.977642804543543242e-01 1.286769799368869371e+00 3.304561764007330621e-02 5.690456051865281153e-03 7.191171818655510695e-01 -6.940793071475742648e-01
1.520622054085646391e+09 5.181448465564401085e-01 -2.985451789439815817e-01 1.286431355527025699e+00 3.222907862527209233e-02 7.400719184275156813e-03 7.192897193382672416e-01 -6.939227734415404081e-01
1.520622054185645342e+09 5.168710967061300732e-01 -2.985495350661157010e-01 1.286208522807221311e+00 3.178027785116765286e-02 6.516045139655664460e-03 7.187275247041179371e-01 -6.945345926072601372e-01
1.520622054285646439e+09 5.168311614601222015e-01 -2.981084487641430525e-01 1.286631966994782994e+00 3.406219566781407831e-02 6.245093990340433096e-03 7.186173038266310265e-01 -6.945429693462339404e-01
1.520622054385646343e+09 5.164461401541866614e-01 -2.977577676198050471e-01 1.286289926553736862e+00 3.383731934405130592e-02 6.175454781346898132e-03 7.199660996549672731e-01 -6.931563423394945245e-01
1.520622054485645294e+09 5.153723169594911502e-01 -2.973164188521614237e-01 1.286554256082392378e+00 3.439479878572013205e-02 8.647262573782643971e-03 7.200351402231651710e-01 -6.930307493252210183e-01
1.520622054585646391e+09 5.132617353169303120e-01 -2.982677974070905291e-01 1.286457463256779565e+00 3.302193253445422777e-02 1.186434164596069513e-02 7.194893583386373637e-01 -6.936165025476648260e-01
1.520622054685645342e+09 5.113753879331554009e-01 -2.988735798736600890e-01 1.284882150531314160e+00 3.120043778598501072e-02 1.078684287155824879e-02 7.215476619419667337e-01 -6.915772901483312474e-01
1.520622054785646439e+09 5.097098201057668199e-01 -2.989486105618909262e-01 1.284034193429678394e+00 2.897471781747622266e-02 7.962360436742746059e-03 7.228332567300614908e-01 -6.903688503319707070e-01
1.520622054885646343e+09 5.095191210325854536e-01 -2.987932509683288163e-01 1.284940731220240551e+00 2.858033082447592257e-02 7.573799178808302349e-03 7.222623902805737073e-01 -6.909868608317785155e-01
1.520622054985645294e+09 5.095779989055903014e-01 -2.995220904230800896e-01 1.285901360571415353e+00 2.773853243240394228e-02 8.423300840617238897e-03 7.208511022309312954e-01 -6.924834367939042279e-01
1.520622055085646391e+09 5.095215213701579371e-01 -2.999010600449201203e-01 1.285408084190699185e+00 2.701424402871085637e-02 7.254173855417284794e-03 7.211200471700023318e-01 -6.922452492800271751e-01
1.520622055185645342e+09 5.097677376844229613e-01 -3.001016406157814842e-01 1.284098786720655916e+00 2.730525530058132769e-02 5.489963119202695072e-03 7.217016956773448788e-01 -6.916436552115298175e-01
1.520622055285646439e+09 5.101817040662031122e-01 -2.996902599309845261e-01 1.282530908278518123e+00 2.714433748163828583e-02 5.101309599289352570e-03 7.233368022768769112e-01 -6.899427744783752647e-01
1.520622055385646343e+09 5.102242131344389975e-01 -2.999987077802596103e-01 1.281981949590888403e+00 2.752491511794848134e-02 6.809447218323575954e-03 7.233125236589662554e-01 -6.899384056525832420e-01
1.520622055485645294e+09 5.098123273349625117e-01 -3.005797121073330302e-01 1.281612884400943120e+00 2.859506282085806997e-02 7.351669919154796458e-03 7.238121147644964726e-01 -6.893651411638241910e-01
1.520622055585646391e+09 5.089698004353802041e-01 -3.016470373929265314e-01 1.280956695742047069e+00 2.718516348446364805e-02 8.395842045719980468e-03 7.252486535273159340e-01 -6.878988786729355320e-01
1.520622055685645342e+09 5.075024437583203207e-01 -3.031649254505103253e-01 1.279929273460149508e+00 2.560795397873958171e-02 8.388499162489069724e-03 7.251036938989556813e-01 -6.881122719941229482e-01
1.520622055785646439e+09 5.064263963563642168e-01 -3.045725145969158665e-01 1.277789007764733586e+00 2.431447282051577008e-02 9.332368823136221250e-03 7.268143726892764001e-01 -6.863399893317481126e-01
1.520622055885646343e+09 5.063374238640815372e-01 -3.055635145466591984e-01 1.275753984164102128e+00 2.349694127895053664e-02 8.573663516309781851e-03 7.296892763388392877e-01 -6.833212612238436234e-01
1.520622055985645294e+09 5.071091924669508533e-01 -3.075580781142910336e-01 1.275079783452848226e+00 2.042358514267794689e-02 9.373620918829228890e-03 7.303015213405857908e-01 -6.827552272435681857e-01
1.520622056085646391e+09 5.097712701839526295e-01 -3.098093258121702998e-01 1.275646744530079202e+00 1.774032278805565480e-02 1.012803681861932856e-02 7.299979988885971771e-01 -6.831439273214835461e-01
1.520622056185645342e+09 5.137521195102052740e-01 -3.121681536195411999e-01 1.277088942278410855e+00 1.865237767102668337e-02 7.569995114820566619e-03 7.275693020258521271e-01 -6.857387948270053935e-01
1.520622056285646439e+09 5.189471145180633016e-01 -3.139179543269097206e-01 1.276555214202948152e+00 1.939270076641780652e-02 6.194535687098267317e-03 7.274226740352311982e-01 -6.858876031712775045e-01
1.520622056385646343e+09 5.259512237877912444e-01 -3.152958749060023047e-01 1.273901219050453504e+00 1.881695973723145066e-02 4.471441399958750625e-03 7.291860340618975256e-01 -6.840421448764222312e-01
1.520622056485645294e+09 5.360960829866131538e-01 -3.164366151546698092e-01 1.270706182092419256e+00 1.922976157339454512e-02 2.244046374283493496e-03 7.306481407790392790e-01 -6.824796516393979440e-01
1.520622056585646391e+09 5.489952358492560247e-01 -3.173361641441777015e-01 1.266079682210484281e+00 1.956675987361805591e-02 -1.485664066338454733e-03 7.304574246857683528e-01 -6.826762669316738252e-01
1.520622056685645342e+09 5.648404222563038202e-01 -3.174014763647164949e-01 1.258224399655163417e+00 1.935444798653159285e-02 -6.821289603508523015e-03 7.308477818577636675e-01 -6.822319217867696128e-01
1.520622056785646439e+09 5.842709369765162197e-01 -3.158879032413358656e-01 1.248627444850706425e+00 2.048750763418218795e-02 -1.147054954272532130e-02 7.330780337658573398e-01 -6.797391300595486685e-01
1.520622056885646343e+09 6.053128792684606685e-01 -3.129976695635673933e-01 1.239577714538292463e+00 2.228623906025450907e-02 -1.399658677709672214e-02 7.360364123402461933e-01 -6.764302024720952877e-01
1.520622056985645294e+09 6.283753338841084890e-01 -3.090660524716918323e-01 1.234299774518268666e+00 2.939141188900302321e-02 -1.603482075832445355e-02 7.370862926982695296e-01 -6.749687596820619362e-01
1.520622057085646391e+09 6.514593386664498942e-01 -3.038080070301860669e-01 1.231221902494342935e+00 3.676826758615682478e-02 -2.084148371110236542e-02 7.376852295963856054e-01 -6.738206208559966992e-01
1.520622057185645342e+09 6.760554139766488113e-01 -2.987925832468217857e-01 1.232105925112093825e+00 4.572749621483507276e-02 -3.109740421290300982e-02 7.348700006265747042e-01 -6.759497242548740958e-01
1.520622057285646439e+09 7.013483575642379675e-01 -2.911453702532666998e-01 1.234660342372067898e+00 5.816966626381984279e-02 -4.706196796625768120e-02 7.350522637304217621e-01 -6.738691495258422037e-01
1.520622057385646343e+09 7.252250114534132264e-01 -2.847036648123674740e-01 1.240707818800586448e+00 7.183006062148487858e-02 -6.122058039823338738e-02 7.372689796653776328e-01 -6.689745395379341764e-01
1.520622057485645294e+09 7.477613018380676602e-01 -2.819537066097269062e-01 1.252546889515031570e+00 8.192260366958853401e-02 -6.311809162270216877e-02 7.402629318811437820e-01 -6.643158775768026603e-01
1.520622057585646391e+09 7.676004252781178927e-01 -2.841425436939048477e-01 1.275462274471998558e+00 8.657183004865616482e-02 -5.547450751256358115e-02 7.345512230076447491e-01 -6.707178229600280206e-01
1.520622057685645342e+09 7.815036472019827318e-01 -2.889535284520640124e-01 1.308969282701024417e+00 9.250207214812392054e-02 -4.866407800450023996e-02 7.184631564488216382e-01 -6.876669738949749977e-01
1.520622057785646439e+09 7.856877959324779503e-01 -2.930332805318938139e-01 1.343236835496192327e+00 1.013766236865946552e-01 -4.437281190873895026e-02 7.070801166052179676e-01 -6.984207488575711054e-01
1.520622057885646343e+09 7.774231116552864362e-01 -2.987033446298802408e-01 1.371387968504567789e+00 1.089123279556361706e-01 -3.831356712164427081e-02 7.070337279474129266e-01 -6.976915385315229923e-01
1.520622057985645294e+09 7.559233137130392244e-01 -3.044915537479501166e-01 1.392763215433028501e+00 1.100162809655730323e-01 -3.318464825071265611e-02 7.121396198034122271e-01 -6.925693892666875406e-01
1.520622058085646391e+09 7.208710647234689572e-01 -3.100414101395508326e-01 1.410590040827481184e+00 1.087189803200788313e-01 -2.514482144643203493e-02 7.082611151811362138e-01 -6.970754005091295280e-01
1.520622058185645342e+09 6.710544413249567297e-01 -3.145412394434187187e-01 1.421302385838018045e+00 -9.902355961415280905e-02 1.184469644543725136e-02 -7.003240081919959170e-01 7.068241092077688359e-01
1.520622058285646439e+09 6.115925230258197898e-01 -3.158943443349448987e-01 1.421972439941754596e+00 -8.242401585066928826e-02 3.881718777172180491e-03 -6.942505495003338245e-01 7.149876840819487933e-01
1.520622058385646343e+09 5.472150777688730150e-01 -3.135446741101798884e-01 1.410279859239677469e+00 -6.113667271639570966e-02 2.954713468865296285e-03 -6.948828357012469814e-01 7.165133784970663111e-01
1.520622058485645294e+09 4.829912150042903196e-01 -3.087690631190984636e-01 1.388698433840704238e+00 -4.132246918438110816e-02 -1.361514396254502818e-03 -7.026303299921321521e-01 7.103528835685842813e-01
1.520622058585646391e+09 4.215954497519485145e-01 -3.011046261884819941e-01 1.361694660400593726e+00 2.745762121297446248e-02 2.092910597349961072e-03 7.125057021883199893e-01 -7.011257541352234890e-01
1.520622058685645342e+09 3.612222982039907659e-01 -2.894209480108314025e-01 1.329403458351070100e+00 1.842588979463059135e-02 3.973119074664040358e-03 7.246046154830461106e-01 -6.889069981722947267e-01
1.520622058785646439e+09 3.042518335063999491e-01 -2.751896929707685069e-01 1.295623354171266506e+00 1.551532904070457991e-02 2.838177329471006354e-03 7.368447766678883903e-01 -6.758779434272549347e-01
1.520622058885646343e+09 2.480198100935965821e-01 -2.629182210480454640e-01 1.264024141282866553e+00 1.088851743001794173e-02 7.288541304884649588e-03 7.490864585976787504e-01 -6.623426567113219754e-01
1.520622058985645294e+09 1.924604088923554668e-01 -2.559860071733908726e-01 1.239197968011221729e+00 8.632432614853961794e-03 1.896208321836171176e-02 7.581029774107375108e-01 -6.518019608348423199e-01
1.520622059085646391e+09 1.339583020639744382e-01 -2.546348207443040468e-01 1.221749241411439035e+00 1.195066054266895501e-03 3.786064404933641575e-02 7.633636427607403130e-01 -6.448574201793360050e-01
1.520622059185645342e+09 6.955228931940538040e-02 -2.586187261520286884e-01 1.213607672397104320e+00 -1.059147676392782275e-02 6.092859619688814621e-02 7.590168657473338465e-01 -6.481272439085787873e-01
1.520622059285646439e+09 1.525895498595067346e-04 -2.643364783633154746e-01 1.211637773644264504e+00 -2.517270032727510209e-02 8.269829085408986202e-02 7.508754391508206671e-01 -6.547620962823887947e-01
1.520622059385646343e+09 -7.105813722884693484e-02 -2.701762802563560384e-01 1.212043068879194774e+00 -4.155422206154013587e-02 9.840351182525822193e-02 7.477736511570709510e-01 -6.553049382726643390e-01
1.520622059485645294e+09 -1.419183618782255962e-01 -2.780321761506224787e-01 1.215554082165850813e+00 -5.919895145309665013e-02 1.089677335564933208e-01 7.461007960103266390e-01 -6.541827874403087772e-01
1.520622059585646391e+09 -2.084562262149095846e-01 -2.881491198981808166e-01 1.224656398226014131e+00 -7.410386087435688607e-02 1.133173821195859188e-01 7.420654036327430925e-01 -6.565110246176011355e-01
1.520622059685645342e+09 -2.649125697770411403e-01 -2.983410967356983634e-01 1.237596360915693916e+00 -8.544947329273903935e-02 1.123533340696025035e-01 7.414389021426425197e-01 -6.560056937458328408e-01
1.520622059785646439e+09 -3.116986910304433422e-01 -3.090635251982309373e-01 1.255249463917041286e+00 -9.977886518233569646e-02 1.107136448934934181e-01 7.359438039418562116e-01 -6.604342392221305147e-01
1.520622059885646343e+09 -3.464993839443940571e-01 -3.180594388108010651e-01 1.279103045550307849e+00 -1.096301493545950301e-01 1.086382996722544819e-01 7.224515558830024720e-01 -6.739752959857210346e-01
1.520622059985645294e+09 -3.647717375896265546e-01 -3.202095992103694000e-01 1.304889035368743899e+00 -1.092453072156770733e-01 1.113758812036708956e-01 7.136511811692883844e-01 -6.829076566807099624e-01
1.520622060085646391e+09 -3.654868175465370017e-01 -3.138112803838711273e-01 1.333240061446455238e+00 -1.059855738563079963e-01 1.121651792856427493e-01 7.091898382995204253e-01 -6.879213646506916469e-01
1.520622060185645342e+09 -3.500916718961992746e-01 -3.007459166596640476e-01 1.365144094197938696e+00 -9.984016458045340270e-02 1.092095120404867337e-01 6.987406522310037893e-01 -6.999047970518695871e-01
1.520622060285646439e+09 -3.215177456597894667e-01 -2.814274209332701115e-01 1.393627665272322069e+00 9.114921393384863013e-02 -1.054470394299740765e-01 -6.869598678048590701e-01 7.132032548300846209e-01
1.520622060385646343e+09 -2.836725731427381381e-01 -2.567909766200093813e-01 1.407568790685438609e+00 8.363052345719067249e-02 -1.040314564282233262e-01 -6.831379674047589612e-01 7.179874017765173200e-01
1.520622060485645294e+09 -2.381905124209351965e-01 -2.310753890742187622e-01 1.403156942691994979e+00 7.257722090501890488e-02 -1.004547680457728714e-01 -6.842138947144270622e-01 7.186742884382950614e-01
1.520622060585646391e+09 -1.861005072777897618e-01 -2.068887437995612921e-01 1.381769003332473877e+00 5.823155925574561437e-02 -9.348045370883652228e-02 -6.906457028668772091e-01 7.147580033777534148e-01
1.520622060685645342e+09 -1.287703474199738962e-01 -1.858016360142423218e-01 1.347812418300105008e+00 -4.415941084949049494e-02 8.394582246978930795e-02 7.069920680390883172e-01 -7.008318350739426439e-01
1.520622060785646439e+09 -6.719425149609317693e-02 -1.654938566447271275e-01 1.310848147597716729e+00 -3.454080769566942460e-02 7.219335429227548284e-02 7.278260411224838355e-01 -6.810758445751353696e-01
1.520622060885646343e+09 -3.158667161753968278e-03 -1.496709480662901937e-01 1.277158997552316988e+00 -3.845680225371612276e-02 5.238212486016438629e-02 7.351213121909270232e-01 -6.748139326645852254e-01
1.520622060985645294e+09 6.900421617046845202e-02 -1.371204378608698315e-01 1.247199778386677060e+00 -3.766167934693935571e-02 3.366899420113015490e-02 7.382933869430354790e-01 -6.725852150727330558e-01
1.520622061085646391e+09 1.506701667123438171e-01 -1.244726045480874510e-01 1.215961812953514798e+00 -3.374013624614705803e-02 1.530004619803986519e-02 7.495146066972350196e-01 -6.609503507374202558e-01
1.520622061185645342e+09 2.426550374751514916e-01 -1.128267780107515272e-01 1.188980313914764553e+00 -1.831045753710863061e-02 3.258547835439315477e-03 7.649887573635398841e-01 -6.437750462064940615e-01
1.520622061285646439e+09 3.371867609430663215e-01 -1.056233128429418244e-01 1.174302931904793290e+00 5.438374829834198045e-03 1.190006689583585422e-02 7.805287386200709943e-01 -6.249829603079161133e-01
1.520622061385646343e+09 4.271445840575445185e-01 -1.046177219678083026e-01 1.172794138144403364e+00 2.825677971159437640e-02 1.493142546776986442e-02 7.933998120838261503e-01 -6.078612877286897476e-01
1.520622061485645294e+09 5.061108613875168194e-01 -1.135645698795455377e-01 1.187506403173963276e+00 3.646733997262219945e-02 1.232609384654643689e-02 7.979673571190364356e-01 -6.014701135536728582e-01
1.520622061585646391e+09 5.751607282173509805e-01 -1.343940494995574664e-01 1.218471305232085022e+00 3.598595118168592538e-02 4.893112247441450818e-03 7.866159459558480505e-01 -6.163736061335449712e-01
1.520622061685645342e+09 6.381540646195192901e-01 -1.638674244811845759e-01 1.255356773073232901e+00 3.229530674923994371e-02 -6.297748922728801935e-03 7.678133134640261481e-01 -6.398281544195070225e-01
1.520622061785646439e+09 6.995044117828715935e-01 -1.982749310240110308e-01 1.291608605498884010e+00 2.894533020609674212e-02 -1.317094278581829730e-02 7.522392984747580114e-01 -6.581221254110798391e-01
1.520622061885646343e+09 7.660237679953156853e-01 -2.352303638606883518e-01 1.331408122681952966e+00 3.817435100956871608e-02 -1.446361585431517847e-02 7.377650790265302128e-01 -6.738220914383822313e-01
1.520622061985645294e+09 8.364903019973393139e-01 -2.722524625253904818e-01 1.380253190458375911e+00 5.311289754030545235e-02 -1.394559206879843194e-02 7.195057086089773346e-01 -6.923121231466470293e-01
1.520622062085646391e+09 9.074481951973788485e-01 -3.031304448681941821e-01 1.435200211824798400e+00 -6.615383353517184650e-02 1.339963099675779007e-02 -7.014100457986203185e-01 7.095548378036253823e-01
1.520622062185645342e+09 9.796582123025479039e-01 -3.193719873829093947e-01 1.487205677265225789e+00 -7.892583307043078700e-02 2.516442107153834401e-02 -6.852716948374710793e-01 7.235607569795733385e-01
1.520622062285646439e+09 1.052306885580355456e+00 -3.227125432736967503e-01 1.526692152854083107e+00 -8.300938737606805562e-02 3.653682930197171136e-02 -6.747937555722465230e-01 7.324123764333263509e-01
1.520622062385646343e+09 1.130473197622920756e+00 -3.095828915464288178e-01 1.544670582793476132e+00 -8.887779134379404644e-02 4.564196252900179496e-02 -6.740122784969150294e-01 7.319323724892540239e-01
1.520622062485645294e+09 1.206773986915663732e+00 -2.876616899513592673e-01 1.539099826983168606e+00 -8.432561019335287067e-02 4.339307779455284231e-02 -6.773009075747994379e-01 7.295681687569626206e-01
1.520622062585646391e+09 1.282372880215914224e+00 -2.574761432792812554e-01 1.511345315350790086e+00 -8.161143559756664501e-02 4.290337056107692421e-02 -6.876599625820216666e-01 7.201546016209966483e-01
1.520622062685645342e+09 1.354704961531560947e+00 -2.205089025866801000e-01 1.466412927928347321e+00 8.182760788292268994e-02 -4.273570451356330235e-02 7.065341387234570503e-01 -7.016319640425396909e-01
1.520622062785646439e+09 1.421167068207833895e+00 -1.812341595713401199e-01 1.418212497361993396e+00 9.310535862496299719e-02 -3.734623311080896568e-02 7.174376900198744522e-01 -6.893618875501438259e-01
1.520622062885646343e+09 1.474694849740644687e+00 -1.384473137121626785e-01 1.366457013897904416e+00 1.052004881513884799e-01 -3.924100700590808788e-02 7.189985415502396782e-01 -6.858819854103915814e-01
1.520622062985645294e+09 1.509865583537632450e+00 -9.272104132867373116e-02 1.308182828390601182e+00 1.115814511345175897e-01 -4.522039057783323879e-02 7.245947056123276386e-01 -6.785773416768998700e-01
1.520622063085646391e+09 1.522967866816138383e+00 -4.025842913328742112e-02 1.249368912837106382e+00 1.223134254101373303e-01 -5.995662472342947608e-02 7.414503086067271154e-01 -6.570358201675172705e-01
1.520622063185645342e+09 1.511308742232235769e+00 1.275363003652821986e-02 1.201940039268082572e+00 1.298220112679545346e-01 -6.845789731791268595e-02 7.572976016472078298e-01 -6.363647572143988906e-01
1.520622063285646439e+09 1.471533257459151312e+00 6.557132865717166248e-02 1.184967427685507779e+00 1.219347063655702862e-01 -6.455372290667077406e-02 7.639665266610192740e-01 -6.303331582456452864e-01
1.520622063385646343e+09 1.409334897402934494e+00 1.205441966652858465e-01 1.203221941134211326e+00 1.040264907714617271e-01 -5.037935473359829441e-02 7.516464822928148326e-01 -6.493596657409815842e-01
1.520622063485645294e+09 1.337584551539624300e+00 1.760714690785398218e-01 1.240229569964385492e+00 8.630521706025424955e-02 -3.989044548398835294e-02 7.324710771533391451e-01 -6.741263108654780289e-01
1.520622063585646391e+09 1.267067310584022222e+00 2.339355565430872863e-01 1.279269166251811418e+00 7.147871742019039354e-02 -3.368008732755102541e-02 7.379704203639236848e-01 -6.701910946450030382e-01
1.520622063685645342e+09 1.201338473531487594e+00 2.845004300500274530e-01 1.317336775630558066e+00 6.110149900282853958e-02 -3.549965305166676716e-02 7.450209188509183678e-01 -6.632874278375496813e-01
1.520622063785646439e+09 1.135311611846272273e+00 3.191303340104887365e-01 1.351537317752591116e+00 5.277218279824191088e-02 -3.950344231801793810e-02 7.376026854372206287e-01 -6.720095633274406621e-01
1.520622063885646343e+09 1.069749820545350616e+00 3.392264683965879324e-01 1.375390074688134234e+00 6.201551471350003758e-02 -4.300911330787393627e-02 7.224696404002083350e-01 -6.872713516561596014e-01
1.520622063985645294e+09 9.993013459607105187e-01 3.460471410944951365e-01 1.381457113569170003e+00 7.095719023416606486e-02 -4.820006413475736579e-02 7.113006142548171651e-01 -6.976340495791460983e-01
1.520622064085646391e+09 9.202388506737627649e-01 3.425443329156595551e-01 1.368422323315212852e+00 6.556076541530196644e-02 -4.440670068077531146e-02 7.070065382881447480e-01 -7.027599773682495776e-01
1.520622064185645342e+09 8.348845221447267484e-01 3.325535846473508528e-01 1.341229820317775268e+00 4.488902809074735156e-02 -4.313893315387729022e-02 7.059583105002630310e-01 -7.055117798017469521e-01
1.520622064285646439e+09 7.534305217050386583e-01 3.230256370606249816e-01 1.309172914286499623e+00 3.733385670649263383e-02 -2.595622015598662152e-02 7.214827270601815723e-01 -6.909378643065069436e-01
1.520622064385646343e+09 6.727431391845042352e-01 3.162231875498550115e-01 1.277650886784972517e+00 2.609871224432306486e-02 1.584939329783765886e-03 7.385076860581967217e-01 -6.737378888109810671e-01
1.520622064485645294e+09 5.950643909864578029e-01 3.118673261853345258e-01 1.259084249569583536e+00 2.001538933281431232e-02 1.502369607522781141e-02 7.382367935299491979e-01 -6.740772280864522070e-01
1.520622064585646391e+09 5.158720307593520626e-01 3.120198071656412053e-01 1.269493546137740791e+00 1.099790488637967904e-02 2.075053824355748214e-02 7.301545795892510071e-01 -6.828782842905150030e-01
1.520622064685645342e+09 4.375125923801753691e-01 3.151654402674661792e-01 1.308875016304483330e+00 1.071424273283840684e-02 2.697136933824859778e-02 7.211174631486660935e-01 -6.922047056909641505e-01
1.520622064785646439e+09 3.586869205712230335e-01 3.212055571640662355e-01 1.363215783412490723e+00 4.982837429129045176e-03 2.047942438105040258e-02 7.095199634355912055e-01 -7.043700632441260989e-01
1.520622064885646343e+09 2.803400128997370899e-01 3.324797252604060338e-01 1.422166830263743575e+00 3.302073937229126326e-03 -1.485908179885941189e-03 -6.988433237466926684e-01 7.152656130692084391e-01
1.520622064985645294e+09 2.030942642438339496e-01 3.452900465156806264e-01 1.477897068313118512e+00 1.463177558449879796e-02 1.831022795690737462e-02 -6.925162218907360279e-01 7.210214484421337833e-01
1.520622065085646391e+09 1.315703241807656132e-01 3.577806118139836844e-01 1.520369745580404830e+00 2.023975411307438535e-02 2.712361876769867758e-02 -6.931100249375659050e-01 7.200369122409169265e-01
1.520622065185645342e+09 6.621292601267386724e-02 3.647725327005144624e-01 1.542459748709551715e+00 3.570374195129755526e-03 1.478284202156153991e-02 -6.943227313824813507e-01 7.195030678846640049e-01
1.520622065285646439e+09 -1.688635571594765405e-04 3.593601199997467632e-01 1.535391494299390702e+00 -1.532347914294115120e-02 -4.117932699884560501e-04 -6.912570133330361299e-01 7.224463737407434971e-01
1.520622065385646343e+09 -7.434440263829864004e-02 3.418630223123578227e-01 1.496676265532142169e+00 -1.977803433097053906e-02 -1.335403401643045496e-02 -6.944539038741518455e-01 7.191413453052478699e-01
1.520622065485645294e+09 -1.532273897667645601e-01 3.149670012738070013e-01 1.434829820326560146e+00 1.282302118158565318e-02 1.667429808696793345e-02 7.069859926411967699e-01 -7.069146653735697283e-01
1.520622065585646391e+09 -2.315081660865526414e-01 2.838545561863785038e-01 1.365227372368240433e+00 2.352328665845764910e-04 1.464664028910122283e-02 7.271994863362889472e-01 -6.862698650428842306e-01
1.520622065685645342e+09 -3.075522470669130870e-01 2.521156447520742083e-01 1.302441159077548427e+00 -1.227291131995178301e-02 2.520159684675338935e-02 7.473936445559730135e-01 -6.637898728072362253e-01
1.520622065785646439e+09 -3.785578522813467517e-01 2.235470610239208289e-01 1.258395595425469971e+00 -2.874309898532185700e-02 3.311498131307511611e-02 7.628750458412972835e-01 -6.450572817246494894e-01
1.520622065885646343e+09 -4.355567766529054863e-01 1.892690756861362400e-01 1.239963431792274084e+00 -3.163229765629918533e-02 2.643529002520186161e-02 7.678207734468551759e-01 -6.393370261839529389e-01
1.520622065985645294e+09 -4.822428408628882113e-01 1.450893312877989949e-01 1.244507949924844592e+00 -3.582001855607975377e-02 1.337962312044754451e-02 7.662407139839579884e-01 -6.414149048698134514e-01
1.520622066085646391e+09 -5.234405760436354749e-01 9.433589970819393489e-02 1.271177617030487150e+00 -3.731812227638481305e-02 9.321914151351216871e-03 7.579521146202459203e-01 -6.511751312888245380e-01
1.520622066185645342e+09 -5.591636886248517735e-01 4.236117279156881299e-02 1.316505901366814557e+00 -3.317477531205578756e-02 1.954600991380829340e-03 7.391438148244811046e-01 -6.727273108954867631e-01
1.520622066285646439e+09 -5.876494321243772578e-01 -7.107419886844962287e-03 1.369964750661339270e+00 -3.341373691820541392e-02 -8.315738434752277183e-03 7.187288874206613221e-01 -6.944372952733063320e-01
1.520622066385646343e+09 -6.051315828372318961e-01 -5.399382399826514051e-02 1.420284285894360732e+00 3.444798711639956990e-02 2.013771947446669694e-02 -7.052692865628996666e-01 7.078156835427250604e-01
1.520622066485645294e+09 -6.129032766526362197e-01 -9.712763874268387498e-02 1.460427586750010498e+00 3.799258461485840316e-02 2.817930050525869340e-02 -6.949770115885268718e-01 7.174743506919242231e-01
1.520622066585646391e+09 -6.093515485745792937e-01 -1.415210041230932636e-01 1.489244738750056918e+00 3.339562619092296958e-02 3.134476428485218763e-02 -6.879506656738726411e-01 7.243107893039556489e-01
1.520622066685645342e+09 -5.958811806660722077e-01 -1.873519430972799271e-01 1.503372369549560883e+00 2.184132449294495792e-02 3.205068235867781362e-02 -6.844235076301496967e-01 7.280523144032853278e-01
1.520622066785646439e+09 -5.787228468413830873e-01 -2.400966696213522322e-01 1.494628714817923587e+00 1.721579753986224315e-02 2.470501337031312875e-02 -6.837670533931328176e-01 7.290787991181151284e-01
1.520622066885646343e+09 -5.568338586842725979e-01 -2.978459512734277226e-01 1.461893589680608674e+00 1.626370189312258824e-02 1.762823351801507538e-02 -6.937279548548668240e-01 7.198376636691434793e-01
1.520622066985645294e+09 -5.316076520679393624e-01 -3.549621096164952694e-01 1.415828632700690815e+00 -1.680044675471127971e-02 -9.127234738746319020e-03 7.110386864177490329e-01 -7.028928972412428200e-01
1.520622067085646391e+09 -5.018610231944704569e-01 -4.052516223178270205e-01 1.371443642057516010e+00 -1.203099613093020978e-02 -1.161537502928688742e-03 7.202992592141379546e-01 -6.935581324865937036e-01
1.520622067185645342e+09 -4.677105821340452052e-01 -4.476336780957399508e-01 1.329779810324706713e+00 -1.042179058271173846e-02 -4.184253215146522750e-03 7.232602628332391870e-01 -6.904842290106822933e-01
1.520622067285646439e+09 -4.299219140326319688e-01 -4.854705622195542025e-01 1.284809433521610922e+00 -1.557741506544242649e-02 -1.632431639137799442e-02 7.340019013736257536e-01 -6.787724726402331044e-01
1.520622067385646343e+09 -3.845177455686658030e-01 -5.212587493771531078e-01 1.241263526609581058e+00 -1.355571882679971508e-02 -2.864471206445687312e-02 7.516206087810913816e-01 -6.588339573924337778e-01
1.520622067485645294e+09 -3.326768287152951364e-01 -5.612285302599500092e-01 1.215223762080284597e+00 -4.182085624491400748e-03 -3.683221812552115587e-02 7.639100579117029666e-01 -6.442571856713144030e-01
1.520622067585646391e+09 -2.738619913172479770e-01 -6.091159357931789087e-01 1.219197336415319244e+00 1.276250292248084887e-02 -4.155317120570015815e-02 7.632876014653920960e-01 -6.445948261746387020e-01
1.520622067685645342e+09 -2.103254266181434629e-01 -6.589725580158030116e-01 1.252459641051280270e+00 3.145392231345956607e-02 -5.360337974561798363e-02 7.517549736915214442e-01 -6.565072642256190028e-01
1.520622067785646439e+09 -1.452955041751603782e-01 -7.001795190808602909e-01 1.302723993591036189e+00 4.871697612471494881e-02 -6.147946052311963755e-02 7.396987706003402829e-01 -6.683507020594771086e-01
1.520622067885646343e+09 -8.387884959147637320e-02 -7.300847193606861962e-01 1.356921850757069725e+00 5.011705299147030390e-02 -7.257942690093541205e-02 7.275447060269251143e-01 -6.803669660722641011e-01
1.520622067985645294e+09 -2.433162007575973701e-02 -7.551086160418591930e-01 1.409362982854326374e+00 3.369696120463570171e-02 -8.689436508441275575e-02 7.143013495439028970e-01 -6.936046901239276696e-01
1.520622068085646391e+09 4.093209290407678891e-02 -7.737434908157166946e-01 1.457844824338701439e+00 -2.130574250164109923e-02 9.125437076269488079e-02 -7.000263791050418405e-01 7.079419282047385575e-01
1.520622068185645342e+09 1.138947617556203273e-01 -7.891702862228943127e-01 1.494471962657192066e+00 -2.223447711898747861e-02 7.913438906167970244e-02 -6.872669437493128530e-01 7.217392358217470383e-01
1.520622068285646439e+09 1.887123063818343938e-01 -7.995151283468227010e-01 1.511907666930507599e+00 -2.774719871908475771e-02 5.944672355047914830e-02 -6.825150933927952579e-01 7.279212370259442455e-01
1.520622068385646343e+09 2.657188041152561131e-01 -8.062860132338408592e-01 1.506747994837936977e+00 -3.928257250685183999e-02 4.697084143480077800e-02 -6.822892284068929891e-01 7.285135745832593823e-01
1.520622068485645294e+09 3.399551754223933409e-01 -8.032482981505151276e-01 1.478159444719904458e+00 -4.336354000214943244e-02 3.902231325429174336e-02 -6.981716528718520109e-01 7.135497218785475937e-01
1.520622068585646391e+09 4.108639460550552736e-01 -7.865694081074887656e-01 1.437487790373140673e+00 4.667118056883483995e-02 -3.221872934546755191e-02 7.173120486619509739e-01 -6.944401912534082788e-01
1.520622068685645342e+09 4.798000736387122434e-01 -7.636254085455475016e-01 1.393838483501709025e+00 5.027094176060444702e-02 -2.749460662333276170e-02 7.275764342525556927e-01 -6.836295863561400177e-01
1.520622068785646439e+09 5.465220747114386546e-01 -7.347698526060413293e-01 1.349940520982352510e+00 4.784808408519962419e-02 -2.358907055874350303e-02 7.349131077543010759e-01 -6.760597907363415926e-01
1.520622068885646343e+09 6.077055384475575917e-01 -7.006632538575749969e-01 1.305292639994263482e+00 3.722097543640594947e-02 -2.229041306185664678e-02 7.391400043356352034e-01 -6.721531004643305218e-01
1.520622068985645294e+09 6.668835810377777840e-01 -6.637442574141509954e-01 1.261280066568487790e+00 2.156985899350274613e-02 -2.386018200620084947e-02 7.467674198871091518e-01 -6.643070476013200887e-01
1.520622069085646391e+09 7.352765209223884879e-01 -6.256386786380264686e-01 1.230359072242145357e+00 1.907593366036016216e-02 -3.387951484366731603e-02 7.613462226262388555e-01 -6.471786588892604053e-01
1.520622069185645342e+09 8.135782187829685430e-01 -5.924712647233343343e-01 1.225776257771026723e+00 2.701074959334198028e-02 -3.135756291351793346e-02 7.742182241712264323e-01 -6.315641408564005577e-01
1.520622069285646439e+09 8.956991405032862508e-01 -5.703615948211930853e-01 1.255042499755742558e+00 2.678866423791611412e-02 -3.457051629654118996e-02 7.683642714912605198e-01 -6.385167133028264441e-01
1.520622069385646343e+09 9.805848742073732804e-01 -5.542486121806172727e-01 1.306530689953173230e+00 2.402960709818699817e-02 -4.679155237329343103e-02 7.526109503876999840e-01 -6.563610941895688944e-01
1.520622069485645294e+09 1.066248783975909165e+00 -5.426132268714728424e-01 1.363476226310052386e+00 2.817760705678264838e-02 -5.476372748473424396e-02 7.330494587659225347e-01 -6.773813162580736291e-01
1.520622069585646391e+09 1.151901867217308029e+00 -5.368616609265873807e-01 1.417727799565320357e+00 3.448514458440996022e-02 -5.350505264381944653e-02 7.128364238480295878e-01 -6.984355496251086759e-01
1.520622069685645342e+09 1.231481167374836483e+00 -5.338517960368359683e-01 1.464824188582796838e+00 -3.605055522190474954e-02 4.625007303995174596e-02 -6.958692289599316405e-01 7.157704271613228864e-01
1.520622069785646439e+09 1.307467762190918981e+00 -5.293400555953567954e-01 1.505607566890175830e+00 -4.818077767041242798e-02 4.001376596128945057e-02 -6.827721282672070124e-01 7.279421213655236089e-01
1.520622069885646343e+09 1.377896347674601785e+00 -5.164865943868970355e-01 1.533271779702394033e+00 -7.189998411741772844e-02 3.282402997576482767e-02 -6.808286074860429027e-01 7.281657658587648019e-01
1.520622069985645294e+09 1.438635814862025297e+00 -5.008118250048620990e-01 1.535479642501141440e+00 -8.198437651120457637e-02 3.096178561240988530e-02 -6.842488170664907665e-01 7.239637326433343567e-01
1.520622070085646391e+09 1.492315841294439727e+00 -4.806251842858446643e-01 1.503811716191824521e+00 -8.515841698178479302e-02 4.661386270919680441e-02 -6.870739372601518680e-01 7.200726328352705652e-01
1.520622070185645342e+09 1.537415448521448846e+00 -4.496125340292045913e-01 1.448663238779909879e+00 -8.742964984231782477e-02 6.064969589821280621e-02 -7.019779281440041707e-01 7.042049837331147977e-01
1.520622070285646439e+09 1.567935417061172121e+00 -4.120902113540234613e-01 1.390724738681775152e+00 9.080914799877488897e-02 -5.966007938119885501e-02 7.161395660920729656e-01 -6.894479642768001071e-01
1.520622070385646343e+09 1.584452147316111725e+00 -3.734720257768106011e-01 1.335276042602328683e+00 9.778583179980593343e-02 -5.116713391253026322e-02 7.261387948444884000e-01 -6.786326739320707180e-01
1.520622070485645294e+09 1.583449988903202321e+00 -3.319385326113479806e-01 1.278913753661697683e+00 8.749351345327384399e-02 -4.340289870701612152e-02 7.456910018083088287e-01 -6.590948363547933786e-01
1.520622070585646391e+09 1.567361036064167212e+00 -2.876548303739649426e-01 1.228511248443099113e+00 7.011821715583367587e-02 -4.479776568131586811e-02 7.657093451487536617e-01 -6.377819333947276625e-01
1.520622070685645342e+09 1.542159725179955476e+00 -2.462243065091097305e-01 1.198327359807108694e+00 5.584149222301199728e-02 -4.983986559149130441e-02 7.805053693337713483e-01 -6.206521441075374401e-01
1.520622070785646439e+09 1.514443673545532443e+00 -2.139585828364429232e-01 1.201599673024144499e+00 4.886771867720376972e-02 -5.446924235573760015e-02 7.850944691723126256e-01 -6.150379843420429316e-01
1.520622070885646343e+09 1.482642513279733620e+00 -1.923959088657132277e-01 1.241182602932335843e+00 4.226981257050071300e-02 -4.835472251819959710e-02 7.741608106076703910e-01 -6.297222586781555664e-01
1.520622070985645294e+09 1.449250961823389083e+00 -1.663841684270870314e-01 1.306369378020405314e+00 3.448048016988721626e-02 -4.731607558421752763e-02 7.563883753925065845e-01 -6.514974374850965866e-01
1.520622071085646391e+09 1.413353642906647778e+00 -1.320283075481956947e-01 1.385742769220788650e+00 2.476887710140027871e-02 -3.977634122779762083e-02 7.326450245053892640e-01 -6.789960334738073255e-01
1.520622071185645342e+09 1.375505972505343566e+00 -8.516723594674127651e-02 1.466265424396119066e+00 1.486968781683568018e-02 -3.259323090824955971e-02 7.066065042342207780e-01 -7.066992442737475288e-01
1.520622071285646439e+09 1.338803966093778941e+00 -2.961024864526341088e-02 1.536435366046507545e+00 -1.043502982777294065e-02 3.104341633505262182e-02 -6.913223443930255341e-01 7.218038740528298636e-01
1.520622071385646343e+09 1.300665544153467801e+00 2.513531698938450964e-02 1.589292514911566423e+00 -1.014079811387496970e-02 2.659212451745732869e-02 -6.958678635564511383e-01 7.176056992503910825e-01
1.520622071485645294e+09 1.258042896241438946e+00 7.544825092942579470e-02 1.621729351651360007e+00 -1.345549782710529253e-02 2.568373644510732121e-02 -7.062972720277689298e-01 7.073213264044673210e-01
1.520622071585646391e+09 1.211947582978697424e+00 1.171508207693784664e-01 1.633439887383397515e+00 -1.981395729392389227e-02 2.966448098706077688e-02 -7.037562278507599745e-01 7.095453455737643633e-01
1.520622071685645342e+09 1.163911490672009608e+00 1.522785564445045259e-01 1.619312501745692190e+00 -4.178381688143647382e-02 2.577978333336989475e-02 -7.012398071350444129e-01 7.112329072162716370e-01
1.520622071785646439e+09 1.102526055058228094e+00 1.795060484771339726e-01 1.580253261564298795e+00 -4.785624839154983129e-02 1.702209935283731726e-02 -7.051101416668885680e-01 7.072762655016847644e-01
1.520622071885646343e+09 1.031891528710833228e+00 1.996360850866855663e-01 1.523012721864559715e+00 4.943200249237587190e-02 -1.570458845111794705e-02 7.129808572601031846e-01 -6.992625688622435831e-01
1.520622071985645294e+09 9.563420723949359603e-01 2.175982569520635013e-01 1.455484508687181489e+00 4.203584385110867294e-02 -1.796163948257693127e-02 7.284601226276101738e-01 -6.835614215856474774e-01
1.520622072085646391e+09 8.841456218326820826e-01 2.316966064109984846e-01 1.388960310882508375e+00 3.165723390266440840e-02 -1.938242570015055385e-02 7.410380950241295395e-01 -6.704361884912090064e-01
1.520622072185645342e+09 8.125550180873966077e-01 2.429654677346294589e-01 1.333209357249490745e+00 1.843134798488794968e-02 -1.590002087401079858e-02 7.547359557862698409e-01 -6.555769304902762107e-01
1.520622072285646439e+09 7.381281211424470801e-01 2.478215536534039143e-01 1.294209984331870400e+00 1.715437039066607106e-02 1.350748902145041536e-03 7.670560737710724331e-01 -6.413492673612490869e-01
1.520622072385646343e+09 6.504411957211614359e-01 2.368805812917587628e-01 1.266296507421117656e+00 1.794732505886006317e-03 2.575720310580273745e-02 7.725471862486975594e-01 -6.344321795453159440e-01
1.520622072485645294e+09 5.524663832273146724e-01 2.176925530355051097e-01 1.244260401033762120e+00 -3.079639313389776964e-02 4.572578668900161014e-02 7.772272055117084300e-01 -6.268002916512366296e-01
1.520622072585646391e+09 4.495608383375687689e-01 1.895192720394797692e-01 1.230903012729126056e+00 -7.357146989552970640e-02 6.166993173828111408e-02 7.763872365471228276e-01 -6.229020125698179200e-01
1.520622072685645342e+09 3.498566139422997212e-01 1.549203477921031191e-01 1.233235870456258265e+00 -1.148249955540043138e-01 6.496872886721616336e-02 7.712195400347909846e-01 -6.227477063257055301e-01
1.520622072785646439e+09 2.644249765756451764e-01 1.150185301170903590e-01 1.252438689195643162e+00 -1.525642082171201619e-01 4.910702870216232530e-02 7.655839495636460601e-01 -6.230520670647498038e-01
1.520622072885646343e+09 1.970201844782059342e-01 7.651308033492995597e-02 1.286563317000355422e+00 -1.978463660100304167e-01 2.418536043917218770e-02 7.576097460105962744e-01 -6.215298516940381823e-01
1.520622072985645294e+09 1.566288219444058882e-01 3.656804478235788081e-02 1.324621531147116116e+00 -2.209830788715553551e-01 -1.167021826527357524e-02 7.433913673115440934e-01 -6.311890048668166164e-01
1.520622073085646391e+09 1.385707940052050835e-01 -9.136646085871766299e-03 1.358015878633861862e+00 -2.322011229822361078e-01 -6.972984856682701293e-02 7.227933718251687845e-01 -6.471399604028789110e-01
1.520622073185645342e+09 1.425977764589318741e-01 -5.681233379360670077e-02 1.376477634993836130e+00 -2.166666675855274116e-01 -1.243618837167807523e-01 7.090322445483313585e-01 -6.594413948385047242e-01
1.520622073285646439e+09 1.630157319921021197e-01 -1.062888715994472905e-01 1.380961025673553388e+00 -1.723895062109098431e-01 -1.593037131810074447e-01 7.030853581119749229e-01 -6.712489585270569048e-01
1.520622073385646343e+09 1.918607817643377955e-01 -1.522806141538298741e-01 1.380138017705761166e+00 -1.197931090413392324e-01 -1.873541331509759877e-01 6.947689636360238064e-01 -6.839913208408293643e-01
1.520622073485645294e+09 2.277838671751845345e-01 -1.936428585939051761e-01 1.380204197302776992e+00 -5.901732650327595753e-02 -2.121966030633455069e-01 6.827354021652531912e-01 -6.966792141660560489e-01
1.520622073585646391e+09 2.679614569565331172e-01 -2.265061883512340390e-01 1.376622864662198298e+00 3.809877507061645852e-03 -2.374734566511537970e-01 6.787622370139324568e-01 -6.948911194017212134e-01
1.520622073685645342e+09 3.108816770038720367e-01 -2.459988680440207687e-01 1.367799910664192486e+00 6.701241262796434062e-02 -2.595727134556619631e-01 6.785203289720430631e-01 -6.839163005476001089e-01
1.520622073785646439e+09 3.546959210831850950e-01 -2.605452597885032362e-01 1.357928151578412290e+00 1.286949558816179451e-01 -2.678096297172722351e-01 6.782585497900468496e-01 -6.720721316927440458e-01
1.520622073885646343e+09 4.007330680072528906e-01 -2.746697227732340929e-01 1.351496932727431322e+00 1.896870443119600125e-01 -2.583890222711108797e-01 6.827945190377757712e-01 -6.565406180594961505e-01
1.520622073985645294e+09 4.434840429121461036e-01 -2.967590555268926344e-01 1.348048460188161490e+00 2.287249828212976899e-01 -2.339937363498014455e-01 6.914133448423390726e-01 -6.441113259028956595e-01
1.520622074085646391e+09 4.822263374090243193e-01 -3.292176196162518997e-01 1.346187849577068496e+00 2.511486958412109116e-01 -1.938951009385264657e-01 7.068377017086446834e-01 -6.322258187171249100e-01
1.520622074185645342e+09 5.118516870033593680e-01 -3.775204515587986531e-01 1.346517963703554033e+00 2.497749418818457356e-01 -1.423910039908882486e-01 7.210521416562621910e-01 -6.304134273659670606e-01
1.520622074285646439e+09 5.298565328887820947e-01 -4.369842721208156977e-01 1.348764507530128887e+00 2.275061021323562527e-01 -8.557615252092265479e-02 7.363901095160843013e-01 -6.313852248977225301e-01
1.520622074385646343e+09 5.324906835802728500e-01 -4.992403077532889810e-01 1.353585779452251225e+00 1.970980663918965037e-01 -2.470618622758105967e-02 7.499928691097984546e-01 -6.309141406491987070e-01
1.520622074485645294e+09 5.150496666902113496e-01 -5.636767278720288266e-01 1.361404094206878357e+00 1.642125717703511179e-01 5.961402902490542388e-02 7.461398412285604742e-01 -6.424606884062280532e-01
1.520622074585646391e+09 4.770008888788128121e-01 -6.237862182497416752e-01 1.366360997304724822e+00 1.184716472071521698e-01 1.451328482717469670e-01 7.246585217634886611e-01 -6.631522841671513291e-01
1.520622074685645342e+09 4.207392304434168784e-01 -6.703442500885440358e-01 1.361719166407644011e+00 5.118277192501855671e-02 2.111206840093967640e-01 7.031986295038502588e-01 -6.769934032953227598e-01
1.520622074785646439e+09 3.533115519392600046e-01 -7.028981279569946894e-01 1.350423029601146574e+00 -3.132057762424182712e-02 2.489922126704062488e-01 6.854974037507242102e-01 -6.834582715117262230e-01
1.520622074885646343e+09 2.844706734194163977e-01 -7.228814611333221896e-01 1.339999503899634625e+00 -1.212163578287565324e-01 2.524880562413956420e-01 6.732720180876096139e-01 -6.842961096706682289e-01
1.520622074985645294e+09 2.222491850241387623e-01 -7.337951758264995572e-01 1.339850848678958428e+00 2.013336866789512958e-01 -2.229269507721561572e-01 -6.614917134025435352e-01 6.871659438064858794e-01
1.520622075085646391e+09 1.727259106527428978e-01 -7.383111752209650103e-01 1.348620764931149907e+00 2.693968040204106629e-01 -1.625675723771505543e-01 -6.579548654034458322e-01 6.841728885939011295e-01
1.520622075185645342e+09 1.360741590057296668e-01 -7.404092531429169455e-01 1.358159162885818505e+00 3.221165857352135675e-01 -1.001474001017059051e-01 -6.704475717056594952e-01 6.608414764836896271e-01
1.520622075285646439e+09 1.151887589923700772e-01 -7.436792651076394867e-01 1.366785226427042810e+00 3.380842215921360805e-01 -4.720020783572279749e-02 -7.001729668172574916e-01 6.270797525267614025e-01
1.520622075385646343e+09 1.144449072772939918e-01 -7.506845075412348356e-01 1.381273701441930513e+00 -3.172551499688162080e-01 -1.751679387843267308e-02 7.224349092348280044e-01 -6.141092196583199936e-01
1.520622075485645294e+09 1.335058286183639087e-01 -7.562599574902435506e-01 1.397390783120534552e+00 -2.666723052812273176e-01 -9.986642520665507672e-02 7.300498954085590242e-01 -6.212404759240919283e-01
1.520622075585646391e+09 1.719936096257171365e-01 -7.555844132412328218e-01 1.410032525760497535e+00 -1.766632853056614161e-01 -1.719545944082367661e-01 7.276576415061101200e-01 -6.401062863655342383e-01
1.520622075685645342e+09 2.226295275042705635e-01 -7.444926283915650478e-01 1.421256877413308972e+00 -5.297298944362479473e-02 -2.259972842759860878e-01 7.151969934914266247e-01 -6.592513560017222440e-01
1.520622075785646439e+09 2.690658347296684960e-01 -7.243671231372096342e-01 1.434098233424009772e+00 7.383761553585746484e-02 -2.593836443219615373e-01 6.878530255738340982e-01 -6.738889721602220328e-01
1.520622075885646343e+09 3.041400846475337261e-01 -7.126585788727284321e-01 1.449425051828489464e+00 -1.645530470121136513e-01 2.462194498639087847e-01 -6.606414088464155343e-01 6.898196910390186343e-01
1.520622075985645294e+09 3.261466667411750953e-01 -7.117741136015031111e-01 1.462656483663592244e+00 -1.989341968412671746e-01 2.055169859283010325e-01 -6.453295071231879287e-01 7.083345121185404825e-01
1.520622076085646391e+09 3.376612690213612322e-01 -7.199947045194762252e-01 1.465922547795393660e+00 -1.804844590229051360e-01 1.501577666821505286e-01 -6.603568814030003065e-01 7.133069425849875023e-01
1.520622076185645342e+09 3.443168047168531642e-01 -7.271887442208195829e-01 1.461496794602744176e+00 -1.346403042965969299e-01 9.949328942842457224e-02 -6.888879080755817563e-01 7.052705324376463691e-01
1.520622076285646439e+09 3.510758292147663773e-01 -7.319246776693055789e-01 1.456518128043749361e+00 6.213540946352595629e-02 -4.179667614515759216e-02 7.153889212357503746e-01 -6.947020369389791394e-01
1.520622076385646343e+09 3.647033502040501474e-01 -7.318663412511756672e-01 1.454919413696143415e+00 -1.200193543021380038e-02 8.051114185939014026e-03 7.152579677316437401e-01 -6.987110795619985160e-01
1.520622076485645294e+09 3.876550308057889471e-01 -7.273761082779589549e-01 1.455930866244930177e+00 8.405580221980152311e-02 -5.150828432808121637e-02 -6.931408143092927521e-01 7.140289421987138230e-01
1.520622076585646391e+09 4.280562509657128145e-01 -7.178294908340351332e-01 1.453701336902029073e+00 1.279465782658700257e-01 -7.882293222868146099e-02 -6.769603760335266562e-01 7.205145853801122602e-01
1.520622076685645342e+09 4.893792364084774138e-01 -7.006777391394258814e-01 1.441548659984345226e+00 1.102965135562142540e-01 -7.962539240774127447e-02 -6.919953094263258109e-01 7.089689469315432202e-01
1.520622076785646439e+09 5.619670023193312769e-01 -6.757698209117599664e-01 1.429361072266305488e+00 -5.767813207623901511e-02 4.965243054472891215e-02 7.123605359089643096e-01 -6.976749501742848247e-01
1.520622076885646343e+09 6.396652670920728312e-01 -6.418144541384627200e-01 1.426793916862665546e+00 2.019427479901712494e-02 -2.110507441972794482e-03 7.183790092269726202e-01 -6.953555465556833237e-01
1.520622076985645294e+09 7.064561135549062287e-01 -6.033589729904497156e-01 1.428034656203098551e+00 9.113456279265534643e-02 -5.034747576036449623e-02 7.126378906558544779e-01 -6.937628268729352232e-01
1.520622077085646391e+09 7.593323386125883090e-01 -5.651227933430935657e-01 1.429562373991517532e+00 1.399520980714688834e-01 -8.612333393404424109e-02 7.078369987556047960e-01 -6.869956075479217716e-01
1.520622077185645342e+09 7.983549244719126969e-01 -5.363375660471976225e-01 1.433240664716359358e+00 -1.444055435817418187e-01 9.400503895587647429e-02 -6.991584193338182818e-01 6.938930726764775958e-01
1.520622077285646439e+09 8.248921912743572005e-01 -5.157816320804646804e-01 1.435791420405147178e+00 -9.386567282136933088e-02 6.166345561298280237e-02 -6.985647329397350891e-01 7.066782631441939078e-01
1.520622077385646343e+09 8.443689959398248401e-01 -4.913314281512858317e-01 1.434953774990741282e+00 -2.984453315621619918e-02 1.833577327879969826e-02 -6.961895851062005480e-01 7.170029043515883105e-01
1.520622077485645294e+09 8.618010978815779932e-01 -4.605369164777567970e-01 1.432408089410023289e+00 3.034484055874918026e-02 -2.415259225890061326e-02 -6.887163483651533857e-01 7.239928414240079935e-01
1.520622077585646391e+09 8.776337052829251695e-01 -4.246753500607618470e-01 1.423083407206339412e+00 8.834934678911390837e-02 -7.031503767231543633e-02 -6.888830739809552739e-01 7.160239512625454772e-01
1.520622077685645342e+09 8.973744702786345950e-01 -3.849788158370740510e-01 1.408693241071688362e+00 1.276954179430650482e-01 -9.294617651646125411e-02 -6.977132837544365307e-01 6.987496419891167099e-01
1.520622077785646439e+09 9.254688208370757119e-01 -3.518962887056533151e-01 1.403389202784494749e+00 1.121766942453446686e-01 -6.721957719436245926e-02 -6.989768931582962530e-01 7.030855001639374491e-01
1.520622077885646343e+09 9.534959951853108073e-01 -3.237277252126983251e-01 1.408769407849969957e+00 4.028734517229021900e-02 -2.292666898908595624e-02 -6.932966250834544653e-01 7.191599872878956523e-01
1.520622077985645294e+09 9.663137231758036627e-01 -3.017220371249683675e-01 1.420391311033473158e+00 -3.618260044504493372e-02 1.850575056587954945e-02 -6.800279841767016276e-01 7.320589439093003747e-01
1.520622078085646391e+09 9.572433101662172206e-01 -2.927265026749745203e-01 1.440964200144833729e+00 -7.255563516281360315e-02 4.324192181108186400e-02 -6.521417715923526481e-01 7.533770143484556092e-01
1.520622078185645342e+09 9.383991376269383844e-01 -2.970304506501158515e-01 1.471553233463231969e+00 -7.806897518413626058e-02 5.049141815707929026e-02 -6.038829929678815045e-01 7.916319742218222988e-01
1.520622078285646439e+09 9.181273440829280652e-01 -3.058158805644199396e-01 1.504151233205833549e+00 -7.704210878025093134e-02 4.267228882063340417e-02 -5.506639322571004191e-01 8.300679628516262065e-01
1.520622078385646343e+09 8.977536747029597475e-01 -3.187753585238020104e-01 1.521163739191576880e+00 -7.105631252337185622e-02 4.246591641318243904e-02 -5.148331328566583265e-01 8.532845315056216684e-01
1.520622078485645294e+09 8.813040363066458882e-01 -3.368083119333897812e-01 1.496849414449443971e+00 -6.419920210503145264e-02 4.805537900666922990e-02 -5.707677237915831370e-01 8.171862385499270021e-01
1.520622078585646391e+09 8.602372213126946443e-01 -3.534948478796249294e-01 1.448119649504161499e+00 -5.458474937761016721e-02 5.305716208608862033e-02 -6.601955732273783184e-01 7.472263698356262918e-01
1.520622078685645342e+09 8.338002368979225976e-01 -3.623264239543999565e-01 1.399802109581817833e+00 4.049384056216111250e-02 -5.672299083862591962e-02 7.395606209096138306e-01 -6.694720600492857221e-01
1.520622078785646439e+09 8.050516651054265838e-01 -3.595268915024469880e-01 1.361275189764952653e+00 3.732935527484192856e-02 -5.603472818653464776e-02 8.085925270752079008e-01 -5.845038525364534276e-01
1.520622078885646343e+09 7.706252113702342088e-01 -3.524926441101700059e-01 1.334275569305136688e+00 3.679081190322520956e-02 -5.854164577111006795e-02 8.608394399667681496e-01 -5.041574857796050635e-01
1.520622078985645294e+09 7.307603716600941102e-01 -3.493091108258096211e-01 1.321851219040688363e+00 3.793966973797586323e-02 -6.073695736095333780e-02 8.878145107094925770e-01 -4.545954223750739986e-01
1.520622079085646391e+09 6.876722094529694740e-01 -3.595257211051211543e-01 1.330467183195294112e+00 4.632025249683635604e-02 -5.961629038675290287e-02 8.755446960860595595e-01 -4.772020717523361988e-01
1.520622079185645342e+09 6.400012337154139530e-01 -3.822456768266493388e-01 1.363947538923203195e+00 5.697869738555076669e-02 -5.397106379464902681e-02 8.148027260872408029e-01 -5.744014884015545830e-01
1.520622079285646439e+09 5.856873525211800935e-01 -3.994427976168186678e-01 1.416980212066592859e+00 6.878172132928327132e-02 -5.246088711566184587e-02 7.070768109989394867e-01 -7.018257002145115164e-01
1.520622079385646343e+09 5.236789536673872592e-01 -3.973381437627545587e-01 1.462403533085118612e+00 -7.344821785984291529e-02 4.580242823318805140e-02 -6.154799734140810052e-01 7.833848984933011739e-01
1.520622079485645294e+09 4.596079517007026771e-01 -3.879786515384691659e-01 1.486270776087949885e+00 -7.679545697860136466e-02 3.772464067068619087e-02 -5.691333972703744859e-01 8.177814410863074590e-01
1.520622079585646391e+09 3.975970577419694618e-01 -3.830225930368814646e-01 1.480155108779195761e+00 -7.317000064611448029e-02 3.946372177743315279e-02 -5.831416495655711296e-01 8.081055514045588639e-01
1.520622079685645342e+09 3.373332076415498926e-01 -3.837793674397951271e-01 1.444824647401561579e+00 -6.362230389547293696e-02 5.063805379333171514e-02 -6.576778007433868867e-01 7.488977903321640817e-01
1.520622079785646439e+09 2.789238047825137179e-01 -3.809733395782645693e-01 1.402135882433878988e+00 6.000066806071437109e-02 -5.950043631158710017e-02 7.408922311931082083e-01 -6.662869649548139872e-01
1.520622079885646343e+09 2.232614080761740893e-01 -3.807695772980801974e-01 1.368424804303905118e+00 5.867588439810825923e-02 -6.535419232192504757e-02 7.964926778190833945e-01 -5.982352249045816972e-01
1.520622079985645294e+09 1.691941390522117838e-01 -3.853127699371879378e-01 1.341745717467028198e+00 5.915514230550478203e-02 -6.302808118765731993e-02 8.365716659415700640e-01 -5.409953584499263002e-01
1.520622080085646391e+09 1.134722746763750789e-01 -3.897069021187835602e-01 1.317573493323964673e+00 5.415552415769765010e-02 -6.583040493596800657e-02 8.748372013720746576e-01 -4.768578489284285293e-01
1.520622080185645342e+09 5.662787619543011020e-02 -4.017857280816076737e-01 1.302200282791972752e+00 4.605419227120335218e-02 -6.929676225790486199e-02 8.982011967712322242e-01 -4.316382515875360482e-01
1.520622080285646439e+09 -1.527518035841404775e-03 -4.329075960455128769e-01 1.304949340951616188e+00 2.922488299837759304e-02 -6.515563688456778302e-02 8.890647338488667506e-01 -4.521775627141861320e-01
1.520622080385646343e+09 -6.198285015358475508e-02 -4.795116103293203258e-01 1.329864791760846598e+00 -7.395546889398090787e-04 -5.354678705707698050e-02 8.433948103959524323e-01 -5.346189189057024560e-01
1.520622080485645294e+09 -1.279116918178381801e-01 -5.227665848080298439e-01 1.371868938955906447e+00 -4.626624446710073113e-02 -3.322637345457109259e-02 7.723686935868742109e-01 -6.326152415938722795e-01
1.520622080585646391e+09 -1.846904174554639677e-01 -5.502866423813664865e-01 1.421227900508965414e+00 6.733557484583199693e-02 2.069966176650482256e-02 -6.969936748298822815e-01 7.136086193496199437e-01
1.520622080685645342e+09 -2.261851986042724971e-01 -5.620001918906963878e-01 1.463732461039910504e+00 4.344845256163876873e-02 2.717974353445687039e-02 -6.336614777593316816e-01 7.719110215013520460e-01
1.520622080785646439e+09 -2.588148600944428779e-01 -5.589853601506417080e-01 1.487042173981213633e+00 -1.425362493693643415e-02 4.920369367143027223e-02 -5.985538852531223641e-01 7.994429793009868446e-01
1.520622080885646343e+09 -2.874285160027417185e-01 -5.410292455516674259e-01 1.483785935556285240e+00 -9.139018571276878722e-02 1.035583088636972682e-01 -6.066945594280696019e-01 7.828443154172213259e-01
1.520622080985645294e+09 -3.180178467694811939e-01 -5.160512988003788104e-01 1.464728061572786899e+00 -1.604760275868770403e-01 1.808143573848957353e-01 -6.322025557089789860e-01 7.361206024072814991e-01
1.520622081085646391e+09 -3.474075064830293158e-01 -4.837154801747167165e-01 1.446047981384276815e+00 -2.302056020917525869e-01 2.583929307732629188e-01 -6.425774513477906513e-01 6.836173586966295401e-01
1.520622081185645342e+09 -3.774444568121022581e-01 -4.555412260868784702e-01 1.430611078255173307e+00 2.903866898610873437e-01 -3.127687667273189032e-01 6.411746521974385216e-01 -6.377666769994236873e-01
1.520622081285646439e+09 -4.083757662066977434e-01 -4.482846465017601423e-01 1.420992178888082158e+00 3.166169718969274460e-01 -3.218044020722140020e-01 6.473722385969008508e-01 -6.140885967088163255e-01
1.520622081385646343e+09 -4.376952271104326830e-01 -4.663920207559161257e-01 1.419694251415052566e+00 2.951894797910896706e-01 -2.818799198709376896e-01 6.663398105963863616e-01 -6.240177390175640770e-01
1.520622081485645294e+09 -4.685699563231737197e-01 -4.967709398770078777e-01 1.420423555710028429e+00 2.340655301574008917e-01 -2.211037397344764177e-01 6.896179277425098508e-01 -6.486552070273474691e-01
1.520622081585646391e+09 -5.005199521442581512e-01 -5.286726329594096940e-01 1.422557129736301107e+00 1.565169607877342495e-01 -1.508019896149248584e-01 7.053014223572893204e-01 -6.747674447798562847e-01
1.520622081685645342e+09 -5.367745018006716551e-01 -5.589467258441813691e-01 1.427954879318903636e+00 -5.986695146923416699e-02 7.337948458722710898e-02 -6.980356010683358425e-01 7.097729911772221456e-01
1.520622081785646439e+09 -5.718388531845269851e-01 -5.776532050033056365e-01 1.431640518328789913e+00 4.283546023303409778e-02 4.278666916484056594e-03 -6.843260035594255219e-01 7.279043461942150683e-01
1.520622081885646343e+09 -5.968805343691797605e-01 -5.795942689962163552e-01 1.419775453240677221e+00 1.283963716703834523e-01 -4.957444116685715690e-02 -7.043745929699453123e-01 6.963570774418103015e-01
1.520622081985645294e+09 -5.944872346217624504e-01 -5.743798692166482978e-01 1.403614983903028746e+00 -1.471213037322509631e-01 6.336100085726747988e-02 7.433772925022076317e-01 -6.494081201760383282e-01
1.520622082085646391e+09 -5.599779120192653892e-01 -5.712561270392838564e-01 1.404583823535760612e+00 -9.254766058236937876e-02 2.830517219110669641e-02 7.546853511613101917e-01 -6.489096766811949246e-01
1.520622082185645342e+09 -5.103427503202556670e-01 -5.662127128668940079e-01 1.419178998389940327e+00 -1.683820267161728959e-02 -1.779094933259480621e-02 7.280453030366543787e-01 -6.850912302598110015e-01
1.520622082285646439e+09 -4.537626900521365969e-01 -5.533352266351326820e-01 1.429107249084333064e+00 5.333134190131179342e-02 -6.821076126088926328e-02 7.041338330973656578e-01 -7.047684762436720041e-01
1.520622082385646343e+09 -3.887468885906674720e-01 -5.282579373361000474e-01 1.424057033584552157e+00 1.273288245617363590e-01 -1.321716595876991085e-01 7.092787479496779346e-01 -6.806186013800222812e-01
1.520622082485645294e+09 -3.195729793788535389e-01 -4.971661936854997466e-01 1.419537026951462888e+00 1.933207674574478896e-01 -1.941765688020237746e-01 7.036726058752005297e-01 -6.555664762163645465e-01
1.520622082585646391e+09 -2.487795076247830695e-01 -4.764696489174924943e-01 1.423097215874783217e+00 2.362040947930503232e-01 -2.158084646782815474e-01 6.857289735707861045e-01 -6.537660950078059141e-01
1.520622082685645342e+09 -1.890281686715447607e-01 -4.788777461707184879e-01 1.426836577880368440e+00 2.096242829037477107e-01 -1.842436277649880383e-01 6.860032928316297518e-01 -6.719460007093190912e-01
1.520622082785646439e+09 -1.447653676397848421e-01 -4.924089576263303569e-01 1.429119564188854996e+00 1.378969679053810848e-01 -1.314715937692352843e-01 6.965852395439606770e-01 -6.917142837355342300e-01
1.520622082885646343e+09 -1.068348000320172436e-01 -4.987306211062416672e-01 1.451209201720426334e+00 -9.332292576966007280e-02 8.434378884094730078e-02 -6.757387015400059260e-01 7.263292394298686006e-01
1.520622082985645294e+09 -7.661035190574871923e-02 -4.982971704303348903e-01 1.487633783238637264e+00 -7.092076651358480976e-02 5.480897911286925633e-02 -6.200785620683008093e-01 7.794028467673437266e-01
1.520622083085646391e+09 -5.014378659454446496e-02 -4.869663547978201890e-01 1.521459658079769683e+00 -7.039580199987691134e-02 3.790092200798332589e-02 -5.629910770222059657e-01 8.225867725444629963e-01
1.520622083185645342e+09 -2.853944257152913472e-02 -4.682358957662905996e-01 1.546763170789499320e+00 -7.942735466430761448e-02 3.384674463842014119e-02 -5.092155764277457308e-01 8.562973723723381614e-01
1.520622083285646439e+09 -1.090533882186032338e-02 -4.526600386164569834e-01 1.553702326510501885e+00 -8.727783211230560889e-02 3.604550796058827306e-02 -4.833418736622204781e-01 8.703240399657669046e-01
1.520622083385646343e+09 5.827435328896672651e-03 -4.483527155440881762e-01 1.522456687852502322e+00 -9.123319703982341045e-02 4.609126680089269817e-02 -5.407355575181311824e-01 8.349593736931985033e-01
1.520622083485645294e+09 2.147026365843556633e-02 -4.465069586733692031e-01 1.464211875824853903e+00 -8.955754379837438384e-02 5.996185791295412931e-02 -6.442174247019909483e-01 7.572106256879682640e-01
1.520622083585646391e+09 3.325849120965776451e-02 -4.386174043578507931e-01 1.399657223653395510e+00 8.087878877524114218e-02 -7.605991542555470830e-02 7.431721877290962119e-01 -6.598246813947301614e-01
1.520622083685645342e+09 3.861470223437671323e-02 -4.255339520582711588e-01 1.341520867225237001e+00 6.383447474925085796e-02 -8.880306613643600133e-02 8.194366105475104911e-01 -5.626391530747424374e-01
1.520622083785646439e+09 4.176801939758784110e-02 -4.088801858881340179e-01 1.296169594521866975e+00 4.843709918943838594e-02 -9.230357609370130889e-02 8.736326118951102115e-01 -4.752893399769819727e-01
1.520622083885646343e+09 4.490910585768227020e-02 -3.987445664873043860e-01 1.275356412714700571e+00 4.336901851956229820e-02 -9.059182968097688471e-02 8.975737538615555788e-01 -4.292710158007165266e-01
1.520622083985645294e+09 4.999518874495671034e-02 -4.140908018414681813e-01 1.284595331064678714e+00 4.655002445501186387e-02 -8.682820192039251983e-02 8.736572159810970239e-01 -4.764630390058273712e-01
1.520622084085646391e+09 5.598716236143817804e-02 -4.405282900208669083e-01 1.316529375642836230e+00 5.539831719553973965e-02 -7.729282889888336450e-02 8.159581275156819746e-01 -5.702360732133783250e-01
1.520622084185645342e+09 5.884094110322660859e-02 -4.602497804094534128e-01 1.366082962095830133e+00 6.420842289171703465e-02 -6.655799842195381233e-02 7.361143142584984922e-01 -6.705095283585186250e-01
1.520622084285646439e+09 5.786096218641087474e-02 -4.666454380348667996e-01 1.420649505942624513e+00 -7.241089619525628573e-02 5.468497480478445166e-02 -6.489809028433305427e-01 7.553740817551634068e-01
1.520622084385646343e+09 5.381762995484785234e-02 -4.618137978142385358e-01 1.469586249282314627e+00 -8.387089029124837614e-02 4.647744609445328412e-02 -5.666243146454803536e-01 8.183779119812745195e-01
1.520622084485645294e+09 4.903383118975498944e-02 -4.562652119087800551e-01 1.485824644068058920e+00 -9.098826125855123681e-02 4.591649740821866776e-02 -5.471531633480036794e-01 8.308045663194082442e-01
1.520622084585646391e+09 4.181733509379984004e-02 -4.562106421652113442e-01 1.460069065251560883e+00 -9.197423419374721465e-02 5.447515928633320931e-02 -6.033868367528522070e-01 7.902515564670469228e-01
1.520622084685645342e+09 2.922576936237909068e-02 -4.546026275773834557e-01 1.415814921149355587e+00 -8.986547964298952085e-02 6.123643951545335029e-02 -6.763966790040666366e-01 7.284653915432605098e-01
1.520622084785646439e+09 8.709023411629060463e-03 -4.520200782921621196e-01 1.376378494525061669e+00 8.941530956833071420e-02 -6.800273773871823302e-02 7.232308654794815661e-01 -6.814085744196646255e-01
1.520622084885646343e+09 -2.096742059440677430e-02 -4.537697944868199773e-01 1.349426228842058206e+00 8.775291090674566807e-02 -6.853081459410262366e-02 7.371862343615739332e-01 -6.664528565069437471e-01
1.520622084985645294e+09 -5.891369308417394174e-02 -4.582803778441331133e-01 1.329670663398947461e+00 9.248262272942041340e-02 -5.890184844413488136e-02 7.408382540713461806e-01 -6.626735380618965499e-01
1.520622085085646391e+09 -1.108267678512562804e-01 -4.704162078616638265e-01 1.319552918399927943e+00 8.572598742057814525e-02 -4.185254267938132849e-02 7.304041963474713350e-01 -6.763202863363203532e-01
1.520622085185645342e+09 -1.750591536204974541e-01 -4.854854914819564105e-01 1.319243575002922997e+00 7.580015649524041166e-02 -2.745831567377800611e-02 7.120680376477314111e-01 -6.974664772848699901e-01
1.520622085285646439e+09 -2.499120388291797834e-01 -4.984984004595648943e-01 1.319062177665192515e+00 -5.779332025596137234e-02 1.877868214929365870e-02 -7.031102056344797901e-01 7.084795917760567940e-01
1.520622085385646343e+09 -3.347518552933770319e-01 -5.139999249325397646e-01 1.316555097763624671e+00 -2.059010045722041785e-02 1.418042048521851728e-02 -7.025184303723691626e-01 7.112262779349253217e-01
1.520622085485645294e+09 -4.171805658530612915e-01 -5.321146116028334649e-01 1.317712074847867676e+00 7.045952237659560725e-03 8.033559275898782348e-04 -6.977816814919421962e-01 7.162753898819901321e-01
1.520622085585646391e+09 -4.921743814040878129e-01 -5.498408622744188623e-01 1.322268737623097934e+00 2.894261578558363426e-02 -1.275347586752898117e-02 -6.854859045562492481e-01 7.273986173340488692e-01
1.520622085685645342e+09 -5.621298906969648401e-01 -5.693330781457349721e-01 1.323536809528023328e+00 6.116561778409262268e-02 -3.383229055955640219e-02 -6.781459232703432871e-01 7.315956875682075866e-01
1.520622085785646439e+09 -6.253166688396408768e-01 -5.913303109391283563e-01 1.320009760657196329e+00 8.794284585113454344e-02 -5.650333451559373665e-02 -6.775091204509685605e-01 7.280486390056493118e-01
1.520622085885646343e+09 -6.861879510570049190e-01 -6.198956080824761239e-01 1.311674413820028695e+00 1.136259666838614762e-01 -7.690051186118011806e-02 -6.732453935545263946e-01 7.265783447283976626e-01
1.520622085985645294e+09 -7.449643277779391948e-01 -6.562165001113811069e-01 1.296934608646965303e+00 1.265711883961642970e-01 -9.806366533176676115e-02 -6.679905396322718403e-01 7.267405938651486652e-01
1.520622086085646391e+09 -8.050118847981487802e-01 -7.006407671275723947e-01 1.276702786819550406e+00 1.355801557235206956e-01 -1.195734172396880901e-01 -6.671312056969368465e-01 7.226729368455424574e-01
1.520622086185645342e+09 -8.698471254778156192e-01 -7.526037626598434116e-01 1.256318649367558660e+00 1.570954717039173831e-01 -1.361099726434180646e-01 -6.698192230352530974e-01 7.128374966074539909e-01
1.520622086285646439e+09 -9.347322326987970165e-01 -8.098314740310322835e-01 1.244282127524579895e+00 1.712994354477716530e-01 -1.487994300544848714e-01 -6.696223802797980351e-01 7.071924072408818374e-01
1.520622086385646343e+09 -9.981259882841945208e-01 -8.676039333272180798e-01 1.240924110747038567e+00 1.801992349055186460e-01 -1.550033754723808277e-01 -6.674012352350875421e-01 7.057462578989093238e-01
1.520622086485645294e+09 -1.061493427717092208e+00 -9.221632192314560550e-01 1.240526792182120586e+00 1.975282606620957782e-01 -1.603971734635187552e-01 -6.636436622611974201e-01 7.034432617669085230e-01
1.520622086585646391e+09 -1.124018758029314835e+00 -9.772525228974594524e-01 1.240701197201864225e+00 2.123047700611360722e-01 -1.697219721234844436e-01 -6.555393473681049299e-01 7.045490052792658942e-01
1.520622086685645342e+09 -1.185642745014153343e+00 -1.036200648635963173e+00 1.236411240928219080e+00 2.217363990898447990e-01 -1.745014097310914059e-01 -6.494989185944627375e-01 7.060689640999348038e-01
1.520622086785646439e+09 -1.245396765954617235e+00 -1.101307830765857254e+00 1.226619626552909237e+00 2.207995949830516003e-01 -1.762518871375091667e-01 -6.516533292201446281e-01 7.039394502740203841e-01
1.520622086885646343e+09 -1.303391310672104453e+00 -1.171355326667617991e+00 1.214338721800460652e+00 2.159893554665212323e-01 -1.697213169011048683e-01 -6.599131023060467172e-01 6.993267979416498692e-01
1.520622086985645294e+09 -1.356365360084293092e+00 -1.245383219836571964e+00 1.210399654914241951e+00 2.013511523869594144e-01 -1.635306426838454841e-01 -6.617250156491987223e-01 7.034454108173001652e-01
1.520622087085646391e+09 -1.401497942533727503e+00 -1.323684747549361829e+00 1.212272808235825394e+00 1.851383804630399033e-01 -1.476767651927865799e-01 -6.681024943061927290e-01 7.053753682994337026e-01
1.520622087185645342e+09 -1.435883997253456723e+00 -1.403151768445699998e+00 1.214370154869278018e+00 1.668180327638218718e-01 -1.268979063083601200e-01 -6.761881710005337442e-01 7.062848028368702291e-01
1.520622087285646439e+09 -1.465303173069604670e+00 -1.487613713741460231e+00 1.216135427055624607e+00 1.511510942664696655e-01 -1.187317585640786516e-01 -6.690613699237012435e-01 7.179226974306850417e-01
1.520622087385646343e+09 -1.496359114912058086e+00 -1.580135317464711475e+00 1.207906072547571874e+00 1.483231478418927107e-01 -1.010448288399625888e-01 -6.516692551002624123e-01 7.369649709016329320e-01
1.520622087485645294e+09 -1.525886676146676280e+00 -1.678454891133656535e+00 1.190680549403689836e+00 1.353269380619534779e-01 -1.020232883360403658e-01 -6.523126707996507179e-01 7.387598039864543553e-01
1.520622317193979502e+09 -1.633990954709850785e+00 -1.429626387116076591e+00 1.272225153577476009e+00 7.190421878832636837e-01 -6.924718431557354004e-01 5.597442238155008604e-02 -1.810918329467993762e-02
1.520622317293979406e+09 -1.584139650281729761e+00 -1.322590528843187396e+00 1.307333643535370404e+00 7.296722305261125197e-01 -6.809711525458272963e-01 5.236335614597647375e-02 -3.338868569718247969e-02
1.520622317393979549e+09 -1.534247847710161539e+00 -1.216120728214408642e+00 1.333302672760743990e+00 7.394307370723894879e-01 -6.703228812399443237e-01 4.591736505292023929e-02 -4.243837350040510076e-02
1.520622317493979454e+09 -1.484903568358033832e+00 -1.111256795484962590e+00 1.349455125455950366e+00 7.357288131636094963e-01 -6.739398520971443540e-01 4.910479142679800846e-02 -4.579201562584189061e-02
1.520622317593979597e+09 -1.438250373354502898e+00 -1.008636673693811270e+00 1.373716583333850272e+00 7.321365493533261715e-01 -6.783281340651168279e-01 4.607600204299213548e-02 -4.152129179681873089e-02
1.520622317693979502e+09 -1.383436986982787165e+00 -9.084524052332532129e-01 1.412672741569791057e+00 7.380985855739610191e-01 -6.705144880503720595e-01 5.326415787773741001e-02 -5.276105357024207104e-02
1.520622317793979406e+09 -1.327346220461637083e+00 -8.164013496289013183e-01 1.452078194345279627e+00 7.458162340833466297e-01 -6.612510980923017589e-01 6.244662761482015073e-02 -5.104457805679731702e-02
1.520622317893979549e+09 -1.269096768949122822e+00 -7.268082253410917959e-01 1.486071221522761610e+00 7.558394321827788254e-01 -6.508712931156508397e-01 5.944823196473095206e-02 -3.923289782622335631e-02
1.520622317993979454e+09 -1.210955076337636438e+00 -6.398229095767797858e-01 1.512931722537742107e+00 7.657650448700782375e-01 -6.410804271582787317e-01 4.704125761215786905e-02 -2.017181330354152549e-02
1.520622318093979597e+09 -1.145928998934059084e+00 -5.581002146497814342e-01 1.543156356106049287e+00 7.694737043685392353e-01 -6.374939299531139358e-01 3.324467577451942907e-02 -2.016182260957930655e-02
1.520622318193979502e+09 -1.078906144280276758e+00 -4.810734490808319941e-01 1.586349877815524057e+00 7.759938803269678109e-01 -6.301469243467832104e-01 2.019958672775279754e-02 -1.844798437265555285e-02
1.520622318293979406e+09 -1.012592280566070979e+00 -4.109500377300252527e-01 1.622958946550082215e+00 7.766896169054297028e-01 -6.296008227846141558e-01 1.404463984170036504e-02 -1.260123136646601992e-02
1.520622318393979549e+09 -9.455893438734368495e-01 -3.428435953077341170e-01 1.636692610117914670e+00 7.656930241322402741e-01 -6.431797514570973817e-01 5.363941242515670414e-03 2.286535623663105664e-03
1.520622318493979454e+09 -8.702270650074775959e-01 -2.729993081295318813e-01 1.630634702213677123e+00 7.564561428661042974e-01 -6.540105712201147448e-01 6.056608916338157914e-03 2.755746888011522278e-03
1.520622318593979597e+09 -7.862517655584589926e-01 -2.007497838646737920e-01 1.614567003454546512e+00 7.570297928826473788e-01 -6.528382402418321240e-01 2.628402658337498921e-02 4.156285910415690767e-03
1.520622318693979502e+09 -6.897837173889271867e-01 -1.263706214546663764e-01 1.600515880677522151e+00 7.564489882966850542e-01 -6.489190208549432404e-01 8.117045831059847838e-02 -1.001943986616089452e-02
1.520622318793979406e+09 -5.762723857271082606e-01 -5.775833203885341605e-02 1.591294898500258848e+00 7.455527126910949098e-01 -6.464635865688741490e-01 1.518373292915958517e-01 -5.640398277651990921e-02
1.520622318893979549e+09 -4.570110102059981583e-01 -8.019700761733444816e-03 1.584362266289181642e+00 7.257243483440986020e-01 -6.450795964808984095e-01 2.045804541621324690e-01 -1.238681645920001323e-01
1.520622318993979454e+09 -3.394448707505862139e-01 3.187575094298053524e-02 1.576575962243842888e+00 6.979826291273905081e-01 -6.496594827467588873e-01 2.223879924999186963e-01 -2.032397271831616059e-01
1.520622319093979597e+09 -2.367872956400095541e-01 7.141772337128582393e-02 1.567419180893658170e+00 6.820320686835830148e-01 -6.613866244066952671e-01 1.889312286906429383e-01 -2.484048734798783298e-01
1.520622319193979502e+09 -1.533034031016639320e-01 1.109598717747342922e-01 1.559024933821588021e+00 6.947059886965970543e-01 -6.713345307164414466e-01 1.021634809336540578e-01 -2.371838112105006391e-01
1.520622319293979406e+09 -8.724928434473147587e-02 1.438946557237323620e-01 1.551868675241361073e+00 7.115815224745959400e-01 -6.781663366904023826e-01 5.563161525220143913e-03 -1.836061215932108803e-01
1.520622319393979549e+09 -3.249471860647298871e-02 1.698841702214277105e-01 1.546903875807800421e+00 7.212639521927907138e-01 -6.805102093336710123e-01 -7.211111296605507426e-02 -1.071641434747484800e-01
1.520622319493979454e+09 1.422344179623871024e-02 1.925929936421384991e-01 1.545265270442304217e+00 7.262407122608226517e-01 -6.782686668432643673e-01 -1.115469064975050661e-01 -9.128586111297588498e-03
1.520622319593979597e+09 6.417887531212429497e-02 2.187505597666141166e-01 1.549161815133566211e+00 7.320859170199148780e-01 -6.672005803526482870e-01 -9.878019550637247292e-02 9.558278429677090349e-02
1.520622319693979502e+09 1.338375029701318331e-01 2.609544389759872463e-01 1.552600119885634733e+00 7.393883136328465167e-01 -6.544593937626965729e-01 -2.442799108348536752e-02 1.561764925671103865e-01
1.520622319793979406e+09 2.280446462718148382e-01 3.165350717098586175e-01 1.545277722176881641e+00 7.415928456605817010e-01 -6.508868030792479553e-01 7.051852663830891765e-02 1.463337221664217924e-01
1.520622319893979549e+09 3.393810702064044005e-01 3.698018967163914095e-01 1.527759741648806013e+00 7.319962061628011440e-01 -6.590053154882510311e-01 1.528359265578706494e-01 8.083766371373278525e-02
1.520622319993979454e+09 4.624296567418235138e-01 4.118768989076336817e-01 1.508527578200715258e+00 7.140056618160356416e-01 -6.695273761906094245e-01 2.039587646481322569e-01 -1.816121552021327315e-02
1.520622320093979597e+09 5.891352584913368551e-01 4.334584462616866696e-01 1.496389624414480313e+00 -6.870529630313636504e-01 6.775806740991665578e-01 -2.238178545529725116e-01 1.369241544083719397e-01
1.520622320193979502e+09 6.952346261555739648e-01 4.469289301990467811e-01 1.500850691706738349e+00 6.812781049784784049e-01 -6.737884622551953973e-01 1.886375046391831622e-01 -2.151398234921084174e-01
1.520622320293979406e+09 7.787374173631566032e-01 4.541368836496799677e-01 1.504541992438448661e+00 6.770028448248206487e-01 -6.798478277089795574e-01 1.156870356592398508e-01 -2.570808997939362794e-01
1.520622320393979549e+09 8.367342307611741470e-01 4.578148212501865766e-01 1.502539061513569418e+00 6.837042773070866053e-01 -6.882597972498932792e-01 1.913041765428546634e-02 -2.418283271287784697e-01
1.520622320493979454e+09 8.713390239022347217e-01 4.498988480538290702e-01 1.495300347935876406e+00 6.923538387840023622e-01 -6.960518300780381695e-01 -7.773812480794503599e-02 -1.735361510389542006e-01
1.520622320593979597e+09 8.917897653302987448e-01 4.298626216222671825e-01 1.487063952917007104e+00 -6.978286293186160005e-01 6.944893155138240903e-01 1.583933012412107877e-01 7.504236711587466968e-02
1.520622320693979502e+09 9.015866122823130713e-01 4.022043217413334704e-01 1.479572186410108792e+00 -6.995021244611134836e-01 6.876233578103199129e-01 1.867870581244965855e-01 -5.460302725349958780e-02
1.520622320793979406e+09 9.106481001902299033e-01 3.734922701808461309e-01 1.475582348626575779e+00 6.998119006765597394e-01 -6.731557314346334753e-01 -1.613356587594458325e-01 1.763390771236502119e-01
1.520622320893979549e+09 9.256883850646223655e-01 3.512346095567744908e-01 1.468767550792116294e+00 6.881155780482896001e-01 -6.713602368220692451e-01 -8.216956194990247819e-02 2.627176178912353222e-01
1.520622320993979454e+09 9.522347147126541955e-01 3.430264856738217127e-01 1.453227085641896954e+00 6.731987566385666533e-01 -6.927056369343095321e-01 3.702821582588463473e-02 2.561078793252423713e-01
1.520622321093979597e+09 9.834144646736694417e-01 3.329109452615628406e-01 1.425274437418162066e+00 -6.555250952499651618e-01 7.211619579247979805e-01 -1.455239602422065126e-01 -1.703967632762475870e-01
1.520622321193979502e+09 1.008809224909994473e+00 3.010222160196733832e-01 1.393879751494072394e+00 -6.184490383714292827e-01 7.562706586393854735e-01 -2.068031015340030532e-01 -5.299014072940559650e-02
1.520622321293979406e+09 1.031367811458280270e+00 2.492076808488684903e-01 1.374746706038599831e+00 -5.790112519595369545e-01 7.742961026977067673e-01 -2.425469607544378237e-01 7.989047052169512275e-02
1.520622337193979502e+09 -5.729853566398962483e-01 5.719625612597509234e-02 1.376937688617508870e+00 7.211181352303303038e-01 -6.915667850550574203e-01 -3.845962789138961113e-02 1.564844634459598705e-02
1.520622337293979406e+09 -6.117136883934936042e-01 6.879052205663099828e-02 1.455410911770945503e+00 7.488819112176913206e-01 -6.623685659698927974e-01 -1.837056001466466290e-02 1.030962611709419254e-02
1.520622337393979549e+09 -6.461128577877395252e-01 8.521955609123510467e-02 1.509862164654165451e+00 7.484261832604724995e-01 -6.631683051094307002e-01 -5.682269548167692870e-03 5.810259996712938656e-03
1.520622337493979454e+09 -6.723913774227467943e-01 1.097575619616551063e-01 1.546494470227431250e+00 7.398115582373645527e-01 -6.727522060023695127e-01 -4.529890461827558792e-03 -7.925131529039198056e-03
1.520622337593979597e+09 -6.938364859606340751e-01 1.425294470753838971e-01 1.582798520011943877e+00 7.469575743458385375e-01 -6.648216894558481860e-01 -9.469387198973260294e-04 -8.099794041482907825e-03
1.520622337693979502e+09 -7.062963860942741423e-01 1.842762021564712804e-01 1.612739055134581712e+00 7.597867798155559793e-01 -6.501510368452935174e-01 1.048029524608191107e-03 -5.155593138896730904e-03
